27271
29131
5415
35156
34090
6263
5500
12050
11638
4998
4962
8055
7984
36641
39379
3678
7977
8837
6969
10046
2266
6545
6094
166577
160890
5493
5213
5041
4744
1552
1484
325
545
20632
21686
11010
9628
13638
11255
97510
93791
14142
12132
19234
18368
7579
7658
5284
5257
4540
4341
10843
10967
9195
9086
9978
9587
6153
5646
22389
20511
2636
2535
7751
7845
1797
3238
64231
62049
7229
6554
12828
10269
19211
17462
7262
6586
103279
102023
3688
3633
4827
4784
6324
7031
46042
45553
38951
37848
62178
60939
58767
58277
443656
421802
11388
77658
68278
3953
8603
8234
1385
12874
12085
10
30796
29283
888
9537
9672
45
11684
10771
2480
2211
27472
26535
5712
34878
34105
4204
3923
11230
11731
4672
4006
7796
7737
40431
39595
1902
8901
9020
7541
9333
1902
6739
5966
162064
157700
5233
4866
4099
3376
1735
1560
353
751
18
20312
20084
11753
9050
14610
10972
97343
97160
13524
11950
17109
17186
7923
7751
5572
5268
4691
4355
9191
9850
9296
7913
9666
9881
8856
7164
21512
21881
2725
2546
7156
5946
1552
3382
56501
56674
7107
6522
12856
8718
19192
17118
7052
6652
102899
103188
3672
3570
4720
4717
7357
5128
42622
44508
40712
40322
61872
61768
55842
27930
56087
26098
676
420430
398135
11585
79131
68861
4059
8903
7874
1475
13895
12145
29236
29920
863
9397
9275
78
10685
11072
2300
2251
17341
18541
4412
24473
26120
4416
4568
10731
11337
4565
4295
7057
6806
31117
33742
3843
6635
7783
161
5446
7674
1504
5875
5960
135043
135944
4240
4166
4792
5140
108
315
20455
20635
8370
9874
9154
9486
17291
68347
17453
67160
9931
10752
13426
12989
7735
7624
4648
4401
1996
1677
5218
5503
7087
8264
9562
9513
4344
3448
20535
21379
1781
1751
3986
4823
2913
2867
48138
47061
5857
5615
8323
7875
15259
14251
6356
6666
96832
95008
3581
3457
3686
3592
3790
3529
35942
36632
34782
34761
50133
49094
50351
24678
50235
23767
483
357533
360563
8271
63027
62403
3163
8048
7750
1264
12095
10220
10
28093
29928
759
5191
5123
96
11084
11623
2050
1997
17698
19983
5754
22176
22780
4329
4715
10515
10796
3178
4766
6680
6999
29388
33214
4159
5168
6093
793
5940
9998
2773
5669
6001
138090
138552
4669
4524
4674
5409
19453
18988
9571
11106
8919
10254
21516
62701
20904
63704
10122
11311
12585
12490
7556
6962
4470
4096
809
975
4550
4446
7147
7924
9383
9113
4115
3812
20840
19478
1502
1735
5011
7101
28
1594
2984
46907
48977
6229
6559
11573
10360
14694
17250
6658
6553
102254
101134
3719
3508
3508
3448
3527
4037
38737
37680
36058
34562
52157
52204
56427
24678
56155
23767
483
355551
355445
8271
63128
68237
3354
6280
9056
1046
10103
8022
40
27617
26955
862
7347
8491
230
9604
9751
1326
1458
16855
17376
2911
284
284
18143
18144
4550
4149
7121
7574
4085
4583
5892
5929
31136
34920
3923
5921
5889
269
10845
12576
1253
5481
5304
132066
135008
4390
4409
4814
4569
15264
15554
9990
10097
8954
10234
21390
55102
20550
58191
10713
11792
13080
12922
6792
7195
4339
4472
1555
1790
6925
8103
7535
7110
4514
4409
15301
15229
1201
1441
5431
8184
1468
2537
44859
46200
6199
5965
9116
8086
15019
1253
16438
6431
6472
90860
89742
3046
3064
3868
3811
4105
4259
27469
29799
33531
33243
46958
47813
58938
57821
380704
374221
7299
64080
60797
3465
7591
7850
1411
7794
7651
12586
21996
21571
609
8612
9649
158
8021
8174
1268
1283
15373
16790
2402
19200
19481
554
509
4261
3543
7158
7456
7406
6473
5847
5844
27640
35412
5903
6655
6847
147
9142
1737
5355
5895
127085
130393
4423
4313
4768
5020
15058
15271
9813
10442
9680
11506
21336
54864
22322
57401
11032
12336
12855
13049
7024
7602
4113
4462
7094
9192
7324
7237
4474
1133
5101
14696
14949
1158
1638
5890
10450
1739
2554
46348
47663
6331
6520
7623
12657
16877
18197
4376
3897
90313
90500
3188
3258
4318
4146
5371
7536
29880
25505
33736
26801
47525
49674
58428
62840
392724
382711
8913
62911
67674
3498
9418
9790
1024
11266
11319
64
22422
22376
476
10334
12624
123
8179
8798
1156
1209
13010
12226
3316
18986
18360
282
337
3470
3078
7565
7175
6688
7450
4096
4057
28485
31577
4309
5804
4921
181
10758
11638
2265
6629
6005
118267
110409
3676
3530
5174
4680
16385
15573
11455
10399
11773
11480
17152
46377
15650
42321
12939
12688
12096
11071
7478
7255
3483
3613
8755
7819
7421
6508
6323
4759
15751
14551
1404
1140
8043
7313
1758
2451
39379
38256
6677
5751
11503
11854
18735
17786
4753
3666
91151
89509
3434
3291
2370
2429
6237
5321
33369
23134
29907
23799
43087
40247
57838
22774
55884
21087
422
324729
312749
7224
70439
61107
3025
10023
9951
1163
9683
9116
38
21457
20316
716
11371
11388
164
9605
8358
522
507
9180
10323
3863
17679
17649
2862
2767
6469
6503
5448
6889
2964
2951
25039
30568
5023
5117
4872
219
7283
10743
2978
4580
4784
102286
101163
3651
3751
4201
3873
13206
12660
9418
9127
9050
9642
15320
41440
15004
40568
11113
11006
11945
11575
6369
6754
3489
3860
7344
6936
6240
5441
4850
4075
13023
12368
1179
1179
6552
6843
1817
2498
35111
35062
6119
5510
9974
6652
14183
14968
2711
2365
90859
89304
4529
4348
2207
2119
4176
3938
28939
22296
28427
23581
37044
36577
54090
52756
325806
314628
6691
54536
55485
3385
7093
7537
1046
10781
10038
251
17327
16915
527
9955
10969
248
7473
6919
11583
11921
3870
22960
21968
4150
4514
8444
9119
7418
5579
4436
4563
29808
36356
6316
5328
5836
445
8091
11362
3589
5488
5823
125648
124880
4432
4554
4452
4426
17643
17492
11191
10903
11642
10196
16530
58608
17143
60784
12397
11634
15659
14927
7369
7134
4709
4633
7586
8382
8161
8355
4764
4201
16015
16659
1243
1698
6826
7229
2468
3412
43414
42359
7242
7139
10820
8894
520
567
16180
14264
3582
3084
106655
105159
5111
5091
3719
3176
4436
4395
31247
27640
31327
30118
46236
47281
63976
64506
392302
381002
9744
68219
67949
3600
8412
7643
1079
11923
12197
346
22654
23678
582
12220
13227
381
9499
9031
11920
11890
2419
22410
23956
4728
4461
11648
11256
6172
4327
7256
7453
31200
34915
3079
4984
5042
120
9462
11787
2959
5758
5062
141121
141717
4444
4155
4669
4201
20232
19807
11302
9566
10976
10312
20455
58220
20718
58968
11981
11127
16184
16319
6718
7197
3854
4427
7833
6736
8209
8146
5298
4583
20217
19673
8210
8639
5641
6124
46020
46523
6743
5585
13143
10758
3963
3117
16559
13980
3259
3012
97866
100285
5061
5320
3318
3738
4518
4418
36724
28297
36562
29633
49853
49134
64617
63669
7579
381246
381632
5899
71517
64031
2933
8674
6895
917
12100
11777
13
23502
23378
614
13107
13455
167
10275
10857
190
24910
24428
4840
5680
11060
12825
5324
3563
7849
34839
37518
1620
7645
7009
6061
9135
3076
5968
6464
143526
143128
4314
4142
8
4535
4096
17943
21284
11236
10805
10862
11179
73345
71282
11580
11850
19205
18573
7145
7367
4362
4757
933
1034
7296
8719
8158
8444
6099
5819
20441
21090
1404
1288
6813
6893
2675
3802
48545
49433
6591
7114
13012
11540
3927
2830
15846
17328
3019
2965
106904
106901
5372
5771
714
802
3525
3643
4660
4194
37332
36461
34779
38116
51811
50800
59554
55233
403619
397549
7204
68834
73184
3526
7210
6816
923
11787
11479
5
24687
27825
613
9554
9762
4644
235
9277
11174
27485
32147
116
115
5718
5920
11567
12310
7066
6267
10421
10770
33527
39118
4394
7656
9547
7544
8871
1824
6758
7122
150444
158779
5203
5109
5
5
4219
4969
66
89
20118
20596
11140
11109
10912
11643
82227
86931
12335
13602
17507
18229
7088
7314
4634
4969
3063
4117
8612
9031
8197
8361
6732
7138
20337
21107
1107
962
6385
9347
6481
7348
63365
66155
6745
7192
10288
12424
5415
6055
16891
19058
3720
3664
102429
102667
4574
5066
3183
3259
4181
4373
4563
5213
37966
42144
38216
43943
60431
63270
64124
66372
404815
433650
9381
72690
75274
3105
8523
7879
1044
12063
11801
25
26263
27666
448
11085
12721
220
10555
11412
39649
36847
331
316
5782
5861
12990
11960
7118
8275
11519
11729
34835
39064
4273
8492
9823
8367
8280
1389
6620
6125
167225
159845
5162
4718
4937
3901
237
367
166
21205
20394
11819
10974
11898
10708
89907
86360
14339
13659
24996
24081
7294
7629
4975
4422
4366
9584
9179
8394
7408
7372
5883
22233
21049
9302
8913
7008
7820
70641
69551
7338
6618
13272
10440
8140
7714
19362
18114
6246
5471
104350
103058
5787
5531
3638
3631
4684
4532
6297
6162
37746
44613
40832
44458
66914
64183
11888
120
28947
27386
517
66009
395122
66477
405636
8848
77224
67871
4005
8775
8958
1223
14731
13081
52
152596
28644
27892
662
13681
13837
168
11517
10993
39212
38890
285
219
5798
5671
11865
11816
8001
6129
13190
13940
36640
38720
4126
8717
9069
118
7303
7797
1899
6915
6064
156227
4986
4329
7
5214
4071
640
861
19448
18385
11042
9867
11965
9912
86823
86492
14889
11900
24068
23805
7483
7231
4596
5157
6129
3441
9683
8778
8401
8431
7592
6044
21517
21472
8490
7414
6600
7917
65235
64007
7286
6704
13291
8478
5650
4559
19825
16179
6148
5535
103331
103140
5648
5649
3597
3640
4653
4457
6235
4950
41862
43236
40734
43898
65805
65297
8553
608
28073
26525
495
61199
388993
60479
396292
8455
76437
68238
3962
8475
8097
1398
15965
14403
60
26704
27028
555
12763
12744
119
10685
11072
73
73
24662
25495
322
288
5496
5658
11012
11291
6398
6597
9046
9021
31718
34169
4742
6455
7342
266
4413
7285
1883
6074
6106
134410
135153
3761
3526
8
4331
4050
1418
1394
13
54
112
19883
20242
9798
9044
8504
8864
63854
62926
10419
10956
18748
18530
7008
6859
4429
4464
1951
1736
7477
8330
8143
8171
4532
3739
19993
20934
150
116
4797
5379
5852
51347
6368
50423
50525
6407
6200
8900
7475
3704
3194
15706
13662
6126
5623
95045
93721
6554
6181
2875
2934
3483
3570
3193
3043
33813
36824
33828
38447
53954
53437
5507
1905
25056
24028
366
48036
367111
46786
373976
6244
66537
65728
3062
7611
8081
953
14047
13790
9
26382
27543
366
5214
4923
216
10712
10899
22519
23217
244
201
5487
5855
10731
11023
4645
8318
9183
9488
35188
35929
1587
4575
5646
762
6019
10114
2540
6250
6604
144608
144864
3896
3848
4267
4758
1569
1440
19411
19601
9708
10504
8908
11062
65925
66829
14889
11900
18901
18769
7250
7581
4407
4401
600
818
8495
8598
8421
7998
4028
4318
21044
20076
5288
6655
2058
3985
53632
54324
6142
6766
9434
9850
3393
3779
14070
40339
16501
6939
6586
99716
98770
6869
6319
3357
3330
3537
3471
3136
3343
36179
36461
34826
38116
55699
56017
5266
133
27330
25339
378
53571
387762
52548
384259
6449
67106
73855
3678
6631
9539
915
13454
11609
2
25581
24988
396
7412
8433
279
9779
9902
85
19170
18886
5315
4930
6414
6833
5502
6762
7241
7536
42136
45516
2577
3625
48004
4869
945
11014
13062
1460
6008
5977
136199
137123
3370
3119
1
1
4515
3913
1313
1372
14642
14974
10258
10181
9575
11119
58291
58961
11209
12570
2
2
19846
19826
6805
7224
4241
4523
7907
7447
7660
7370
4014
3931
18802
17836
5390
7327
2049
3540
44142
44666
6241
6685
10320
8669
3433
3192
14627
15746
5748
5101
91439
91287
6120
5924
3146
3222
3520
3472
3756
4295
35498
31897
36370
34548
49094
49670
12290
309
25395
23999
331
53202
349495
52318
361206
5639
69657
67199
4133
8170
8157
1194
11617
12005
45
21324
21173
826
10294
11615
315
8044
7796
21281
20712
4618
4805
6761
7256
8731
8893
6997
6991
39362
45531
3011
3073
5422
1697
9837
14122
2230
5328
5801
133306
139122
3031
3038
4
4
4451
4467
1833
2289
15653
16644
9984
10577
10489
11613
53906
55353
12622
13884
17125
19646
6743
6776
4345
4721
7113
8191
7722
7309
4199
4540
19263
18555
5357
8566
1785
3579
45203
48080
6308
6840
8883
13021
6765
6389
16438
18142
5894
6063
91836
92379
6341
6352
3597
3827
4516
6260
36156
31897
38293
35548
50618
52589
14346
363
25034
24292
391
49392
345339
54105
364408
6677
65916
70588
3360
8892
8853
804
14662
15799
21
21866
22418
709
10696
12439
330
9050
8951
48
48
19541
18824
4845
4397
7200
6473
9254
9969
4171
4141
35595
35845
2260
2846
5199
1661
12645
11399
1460
6144
5189
124647
116955
3042
2576
10
4952
3526
2571
2999
16749
15835
11383
10285
11754
11617
47420
44243
14085
13206
17887
16997
7359
6959
4126
4212
9594
8021
6562
7695
4199
4540
19572
18254
1125
876
7039
5309
1922
3110
39234
39156
6950
6308
13763
12159
6894
7010
18403
17057
6769
6001
92189
91279
6136
6461
2596
2443
5352
4861
38855
26807
35226
26154
47307
42832
14346
363
23467
21619
421
46562
322569
44777
327638
7204
71731
65750
4247
8046
9260
1067
13918
15013
84
21032
19587
1052
9271
8698
150
9671
9318
19860
18450
3644
4424
6219
6199
6650
8000
2974
3084
36273
39189
2478
3547
5320
1284
10000
10627
1963
5311
4966
111975
111947
2902
2584
5
3857
3959
2338
2860
13263
12205
8994
9186
9053
10176
44361
43653
11353
12476
18251
18500
6439
6804
4100
4294
7561
7093
6708
5895
4148
3493
17080
16230
460
286
4601
4591
1610
2786
36931
36979
5885
5591
12189
9892
2850
3444
14330
14852
5869
5543
83779
84743
6060
6311
2050
1918
4159
3901
34684
20944
34291
22292
40568
39790
13111
170
22216
20845
387
43508
306419
43749
315514
6623
60050
60976
3706
7216
7709
938
12856
13801
63
18079
17674
893
6913
7397
197
7869
7727
262
262
21421
22508
5603
5902
8747
7846
9226
6210
3774
3849
41599
47844
4059
2971
6588
2131
11719
12328
2159
6142
6407
140814
142766
3611
3152
5000
4871
2968
3855
18010
17038
11304
11054
11874
10295
58985
59790
14629
12872
23221
22811
7598
7421
4916
4747
8572
9121
9186
9089
4410
3981
19163
19923
1133
1248
5893
5242
2083
3799
42845
44505
7142
7273
13559
10462
4450
3528
17656
16061
7223
7104
101190
99250
6558
6799
3371
3110
4661
4685
38679
25996
40461
27819
47035
47196
16686
1009
27078
26044
485
54801
370997
56838
391246
8295
71964
74575
4510
8466
6956
938
14060
16272
23056
23806
1183
7983
8286
299
9754
9878
22215
21955
6631
5999
9832
11051
8547
5094
6618
6748
42533
49366
3679
4734
6553
1608
12227
12725
1887
6219
5441
146290
146677
4589
3732
9
4968
4026
3167
3739
19308
20001
11090
9459
11521
9691
65640
63800
13778
12107
25255
25576
7294
7198
4553
4723
8979
6747
11566
10882
4727
3391
18051
18097
1177
1212
7270
6943
3872
4074
48923
49915
6820
6184
13922
10969
6751
5050
17515
14075
5929
5870
96750
97014
6473
7116
2985
3323
4538
4202
43194
27512
42176
28572
51632
52019
11158
138
26605
26203
472
54295
369304
54407
397287
8058
72413
62139
4312
8300
5955
851
14161
14786
13
26464
27204
1082
8050
8242
237
10223
10618
25673
27473
7154
7592
10541
12555
7868
5417
8127
8558
45787
48783
3060
4733
7378
1979
5727
9131
2960
5645
6297
152626
149509
5298
4273
5
5165
4516
1787
2649
17925
20310
10750
11061
11319
11445
74874
73466
13495
13132
26789
26305
7416
7624
4837
4994
8488
9231
18299
18077
11489
11845
4782
4562
18569
18853
1228
1282
6797
6604
7543
7322
59504
59252
6584
7092
13556
12628
5785
4748
16971
17411
4796
4794
101242
100691
6544
7247
2349
3314
2848
2877
4541
4268
44212
28074
43094
28671
58486
56670
10199
636
28010
26237
546
7106
54378
393135
52578
399207
9343
69501
74961
3506
6460
5227
861
14899
16244
50
31529
34468
953
8345
8535
275
8838
10785
158
27720
30416
6915
7273
10911
12261
8092
14354
14181
45265
56593
5392
4595
6873
807
6697
8538
2182
6836
7364
151272
153678
5001
4989
4909
4758
19128
19602
10513
11017
11548
11757
88180
91192
14127
14500
3655
4257
31450
32868
7228
7523
5472
4990
8987
9650
20054
20374
12384
12309
4220
4477
17421
18709
1052
1147
5448
7114
10072
10018
62955
65217
6826
7115
11953
12394
7475
7047
16804
18550
6523
6698
103264
103296
6201
7012
3888
4110
3776
4219
5897
6690
46215
36386
46700
37446
65770
67365
14358
399
28165
27342
490
52364
393528
53612
417465
8371
78230
81427
3773
7015
6924
1045
14662
15897
5
32218
34802
696
11201
12480
350
10225
11206
127
138
39203
37677
7874
6841
13132
11623
7865
8496
19158
18640
51533
57499
4174
5539
7163
1340
7143
8218
2049
7258
6597
164935
158846
5351
4501
7
5235
4210
20264
19885
11632
10875
12044
11090
100214
98814
15045
13758
6437
7295
27281
25971
7100
7578
5507
5214
9961
9561
21701
20545
12874
11210
6087
5749
19335
18459
1285
1197
8220
8225
64
10679
10558
66864
65807
7329
6703
12930
10094
7687
5920
18998
18295
5486
5114
101993
101658
7513
7136
2906
4176
5523
5370
8082
8402
40270
71437
68600
13701
193
28407
26645
465
53367
397134
52562
406700
7948
86275
76886
4165
8353
8536
1165
17539
15437
35430
34240
1043
13054
12665
194
11714
10495
201
39798
39554
8175
7143
11746
12710
6820
8236
17469
17561
53539
56494
3802
6174
7245
1370
6950
8354
1872
7493
6386
159954
158012
5318
4323
5281
4828
20518
20024
11754
9912
12109
9239
97666
97567
15754
12770
7318
7358
25058
24346
7600
7294
5717
5065
9814
8563
24867
24134
11967
12387
6580
6220
18278
18457
1277
1146
8025
7373
10072
10258
61945
62674
7425
6701
12912
9560
8255
5997
18953
15095
5283
5255
103161
103334
7448
7389
9459
9242
2868
4183
7367
7314
8353
6626
46382
41025
44689
42520
72612
72740
14462
487
28949
27366
525
52445
406143
51822
419569
8981
86398
74405
4559
7927
6411
951
18769
16858
34400
33811
1291
12061
12159
147
16406
17355
11195
10503
423
29614
29398
7209
7030
10708
11761
7265
7488
9975
10150
41553
42723
2182
5938
7051
649
5022
7080
2038
6210
6148
141525
141794
3966
3846
4195
3475
18977
19119
10556
10455
8819
8718
72297
73744
12841
12167
6244
6768
7090
19235
18199
7157
7302
3254
3421
8377
8187
19069
19255
12486
12363
4529
4355
17805
18147
961
995
5219
6216
6796
6639
49625
49735
6720
6259
10642
8038
6528
5002
15852
13003
3618
3798
90911
88173
6015
6089
54162
52404
412
571
4646
4593
4730
4314
30954
35903
31073
35910
54116
55141
7581
291
24361
23584
331
42702
347791
42431
363949
5649
75825
70728
3744
6634
6436
683
14301
14678
67
32366
34101
709
4625
3964
127
20342
21222
11093
11190
100
119
744
612
27712
26120
7201
7678
10297
11300
5192
9041
11989
12119
37790
42258
3506
4740
4666
126
6160
9825
2501
6403
6493
153432
155076
4141
3754
3855
4363
19560
19016
12789
14683
7334
10095
74773
73549
12135
13147
6382
6920
19528
18970
7497
7168
2540
2991
8688
8092
20845
20275
12304
11759
3721
4452
18980
17876
895
919
5857
7355
167
166
6372
6631
50329
51082
6482
7045
9305
10397
4982
6372
12962
15532
5438
5894
93943
92711
6869
6643
54503
54732
2
4769
5148
4390
4674
72422
72780
59504
59655
10466
1115
26535
24816
319
48797
374340
49501
377299
5438
73041
79630
3729
6378
8976
868
13507
13885
39
33893
31373
858
7552
8338
70
33433
33713
9614
9477
3471
3665
20070
18702
6991
6539
6794
7203
6047
7453
7809
7791
36784
39741
1690
4450
4953
385
13543
14774
205
5875
6018
145173
145644
3985
3666
8
4551
3844
14826
16223
17223
19329
8628
10367
65893
66383
12088
13957
5673
6862
17153
16472
6892
6993
2455
3027
7937
8104
16929
17180
8284
8385
3763
3717
17333
17013
928
982
5499
6771
3498
3692
43977
44417
6296
6278
9353
8851
5278
4910
13877
15376
4139
4363
88157
86949
6617
6237
67056
66531
4
5440
4751
4432
4845
63197
65085
51040
51379
4729
784
24586
23588
282
45921
351116
45496
360460
4795
70434
68674
3208
7282
7621
694
12785
12899
26993
27060
1116
8471
8765
36
35546
36424
7723
7894
2959
3258
21267
20064
6366
6769
6828
7156
8565
7910
6893
7068
34097
39891
1816
7044
7934
460
11092
14681
1549
5781
6209
135300
137726
3633
3933
2
4131
4032
15583
16061
18000
20097
9496
11253
60427
62285
12241
13264
5687
6746
13048
14195
6025
7033
2791
3163
6962
8134
17060
17544
8559
8400
3380
3969
62836
16185
16336
302
308
6500
8967
3216
3284
44404
46194
6042
6753
9210
13400
8338
6585
15917
16376
4668
5244
84871
86404
6617
6648
65149
67680
2
5589
5899
5437
7612
59030
51404
53429
4729
784
23447
22939
289
42170
336243
47902
346854
4925
70953
75320
3163
8966
8572
693
13420
14221
29803
29191
672
9577
11148
52
38691
38884
8620
8756
2858
2716
19756
18129
7603
6027
6827
6190
8057
8977
4463
4365
30390
32299
1482
6498
7566
253
12421
11883
1682
6541
5456
125541
117928
3209
2961
1
2
4890
4181
15463
14807
24469
22235
11257
11511
51379
46545
13815
13574
4976
5357
11823
9837
7063
6796
2761
2603
8395
7203
17019
16287
8634
7554
4323
3672
17668
16642
7805
6587
3172
2880
44017
42491
6901
6076
14114
13034
8318
8886
16825
15858
7873
6924
77311
77182
7086
6992
61789
61223
7
2696
2521
6015
5153
58994
57140
46168
42453
7427
1902
21813
19960
391
43111
305902
39540
302730
6693
75926
68163
3123
8128
9172
952
10777
12802
274
25880
25243
393
8505
8070
72
34620
33098
8359
7716
66
2664
2588
19173
17628
5766
5785
6224
5813
6556
8208
3533
3632
32165
36921
2249
5787
6973
539
9636
11838
2327
5349
5273
113147
114778
3223
3033
3921
4225
13234
12888
17784
17645
8435
9167
47707
45877
11677
11783
6592
5139
5885
12021
11050
6903
7146
3096
2947
6212
5947
15547
14984
7591
6542
3485
3231
15688
15268
6211
5918
3032
2963
39898
39704
5840
5679
11724
8894
4732
6259
12814
13556
7815
7381
81993
82430
8256
8149
66019
66217
1
2092
2056
3594
3670
54559
57978
41764
40682
5618
505
22084
20981
411
43391
311868
43336
317942
7036
63408
66171
3801
6162
8555
885
12357
13296
357
23374
22236
442
7623
7713
125
37526
38441
7438
6815
4089
4179
21617
22175
7017
7182
7697
8243
9070
6622
3636
4015
37744
43448
3261
5355
6948
565
11150
12913
2766
6042
6187
134024
134386
3763
3843
7
4190
4632
18547
17458
21188
20994
11446
10667
60275
60104
13903
12553
5837
6038
15335
15507
7263
7273
3724
3477
7466
8025
18292
18928
9720
9262
3997
3511
17542
18013
7895
7424
3687
3655
42158
43949
6876
7020
11980
10592
6653
4671
15328
14014
8609
8531
90751
89667
8369
8868
88882
87913
15
2950
2901
3987
4240
68830
73439
49755
50017
4435
1114
25924
24951
411
51264
367925
51992
377134
7024
78589
78427
3642
8209
6613
547
14468
15118
377
29641
30408
865
8815
9096
110
62231
63343
9284
8693
4456
4958
19293
20143
6903
6779
11633
11562
8358
5135
5856
6214
37136
42036
3158
2777
5806
2435
10644
12041
2435
5901
5393
134928
138279
3446
3301
4757
4133
16343
17031
16282
20370
10678
7988
59063
57099
13404
10588
5469
5462
14963
15204
8194
7879
3441
3470
7397
6289
16586
16579
10339
9562
3877
3048
17152
17072
7055
6763
136
164
3460
3643
48593
49088
6939
6028
13610
9592
6346
4541
15508
12141
7737
7729
77481
76127
7890
9004
83803
82895
4
1948
2403
4075
3324
68479
70807
49942
49153
5863
1171
24796
24334
389
46870
352456
46054
372378
6645
74394
62493
2773
7301
4797
312
11579
14693
29384
30113
639
8789
8266
194
73007
73453
9246
9499
4648
5221
22634
22839
11813
12342
8422
6198
14016
13350
41339
44285
3372
7031
9369
935
9362
11352
892
5832
5945
153119
150701
3604
3419
4
4778
4903
17387
19218
19394
20614
10255
10211
63574
61006
12101
12100
5481
5713
16869
16794
7648
7469
5305
4991
6973
8039
23193
22068
11297
12418
4112
4218
17160
18244
7900
8159
86
5191
4763
58923
58707
6906
7044
13333
12923
5717
4797
15910
17087
7688
7933
80805
80380
8016
8806
94311
92451
5
2857
2921
2542
2620
73721
74763
57842
57255
7388
822
26322
25164
326
50841
371893
48750
384334
5553
72961
74469
3150
61874
5768
4791
426
13663
16302
31799
34855
522
8790
9227
248
83038
84208
8615
10108
5745
6251
26446
26682
6812
6517
12334
12358
8200
7570
18526
18708
43276
45350
2554
8058
5306
7473
160
8350
10116
992
6476
6965
1514
1472
153472
153721
3749
3730
4788
4765
19260
19147
19672
22060
11206
11268
78437
79194
12267
13542
6140
6201
18750
19611
6619
6740
5144
5280
8299
9440
2121
3564
24304
24092
12650
12033
4112
4218
17888
18482
7464
8983
7152
7335
65260
64943
6536
6822
11368
13034
6145
5278
15243
18171
7851
7948
82378
83479
1217
7420
9551
97016
96196
10
3978
4020
3392
4102
72065
73025
65182
66115
9128
1502
22286
23001
261
49511
374046
49921
387105
4960
74987
76348
2759
6420
5600
564
13153
15767
4346
126
32872
34675
248
11890
12938
143
84592
85990
9473
9935
6263
5305
36389
28294
6789
5343
13250
12828
7279
7633
23650
22661
48698
49424
5960
5933
6650
189
7947
7592
950
6625
6085
1882
1869
157154
150364
4100
3676
1
5090
4037
1065
698
20516
19383
21602
19268
11340
10139
85692
83556
14390
12934
6328
6384
20948
19772
6692
6797
5277
5654
9384
8674
5638
5431
23553
22033
13439
11944
6799
6407
19343
18342
8249
7930
58
60
7723
7570
70376
67995
598
6941
6575
12593
11089
5888
5420
16283
17280
7788
7845
84856
85890
1771
10677
12082
94053
93470
7
4596
4530
5107
5181
82203
80865
72518
69144
9522
2496
22946
22900
275
47160
388797
47046
388052
5228
80353
69929
2956
7526
7970
1005
15773
15891
4017
275
36336
35270
288
13580
13616
74
97257
97157
10576
9149
5724
5700
35117
35185
6408
4954
12870
13238
7450
6698
20860
21908
48397
47688
5960
4340
2625
189
9779
9042
950
7083
6067
2028
1996
152220
151547
3799
3621
6
5192
5014
727
820
19878
20122
21929
15018
11625
10016
81503
83037
15680
12894
5872
6018
19526
18986
8037
7102
5397
5643
9454
7864
8709
5339
20776
20851
12546
12888
7800
7286
18008
18077
8215
7223
85
6961
7130
61141
61478
337
7160
6184
12717
9365
6831
5289
18859
14452
7991
8079
85812
87434
1903
12572
14522
100106
99851
10
4435
4629
5007
3892
81512
84358
70681
73488
11060
2033
23415
23637
265
53064
391820
52809
396295
5042
81475
68877
3287
7298
5623
648
17607
17218
301
35132
35421
517
13335
12803
26
94986
95306
10116
10089
5305
5052
25770
24957
5548
5350
12099
12815
7560
7863
4094
7584
41235
39040
7054
6537
5909
5683
1258
1263
139336
140159
3669
3508
3800
4488
505
321
18134
18792
15849
15320
7564
7430
65409
66642
10063
10490
125
192
14506
13694
6939
6505
3357
3007
6664
6528
4426
3273
15120
15139
12434
12290
4264
4200
17530
18299
6587
6925
2772
2889
49239
49054
382
6722
6695
8663
7541
4482
6253
13740
12226
9421
9209
90743
87944
1443
9054
10752
89266
87757
14
599
724
4005
3615
73858
74375
53331
53820
6883
2712
19500
20046
209
39624
330863
38666
342206
3976
64209
59045
2477
5920
5670
621
14223
16061
32926
34659
363
3384
3211
74
80429
80762
9879
10075
4335
4197
22245
20419
5936
6801
11273
12120
5265
8957
6790
6443
41823
41761
7755
8124
5855
5941
1274
1249
147963
147346
4345
3961
4465
5019
17805
19232
14645
20077
7543
8953
66267
67025
10374
12518
14132
13757
7103
7391
3314
2969
6404
6750
4460
3143
14084
13735
12120
12038
3419
4263
18231
17829
7195
7751
2060
2060
51060
51506
483
6285
6966
8722
9936
4375
5682
11881
15592
10560
10278
95525
93312
1659
10918
11387
102549
102339
10
3721
4265
73858
74375
58827
59098
5765
3561
20851
20786
138
41947
354222
42018
352917
4442
59867
66927
2629
5719
7392
536
14217
15004
30997
30012
436
3169
3401
81
81388
81414
9589
9548
2765
3150
16897
16578
5596
5003
6271
7401
5146
5646
3387
3619
39050
40682
7956
7989
5055
5497
1387
1361
126470
130227
3827
3871
4296
4448
13120
14604
17723
19917
7219
8656
60788
61858
10088
12345
13115
12571
6504
6894
4115
4368
5819
5358
5216
3958
13432
13243
7334
7590
3756
4232
15971
16526
7706
9182
1538
1739
41001
42399
518
6509
6962
8947
8400
5781
4833
13515
14356
9205
9102
83274
83595
1357
8479
9532
87124
88503
10
741
660
3593
4070
66074
70503
49228
51475
12185
3565
17296
17787
188
39407
289214
39326
298619
3574
55281
51603
2170
7124
7432
516
9147
9968
20212
20186
434
7284
8307
52
83874
85899
6491
7538
3282
3446
19989
21502
4359
4853
7511
7462
8216
8303
4374
4285
38027
39490
7696
7389
5332
5800
1670
1669
135310
134953
4258
4292
4185
4795
16203
15920
17796
20586
8110
9811
64546
64090
11122
13450
1147
1766
13270
12551
6494
7054
4422
4808
5390
6458
284
4102
5543
13813
13356
8163
7776
4604
6480
16254
16025
10060
12629
2102
2164
43045
42725
747
6878
7314
108
8172
12405
6791
5129
14446
16258
8815
8986
84345
84929
1618
10517
10735
95059
98479
2794
2718
4922
6027
68046
70302
57225
56970
12419
5251
19182
19189
197
38186
326272
43928
320658
3753
55453
61687
2113
8173
8428
243
11873
12309
23520
22343
409
9509
11038
71
85284
86713
8987
8447
2794
2663
16453
17632
5560
4950
7173
6983
9993
8451
3603
3538
33538
33571
8366
6169
5718
5001
1166
1211
120784
116051
3704
3004
5517
4648
14435
15541
21487
20721
10895
10953
54734
52328
13318
12050
3393
2470
12241
10607
6906
6571
3776
3856
5870
5463
1736
1826
12774
12035
6833
6156
7516
5394
17081
16551
10922
9471
1758
1707
39533
37460
1924
6985
6278
12889
10782
5029
6256
14784
13407
7646
6937
82826
81230
1301
9041
10096
85416
81657
7
596
642
5167
5039
57543
57069
48072
45545
9609
5406
17087
16854
243
324641
7331
320215
4613
62080
53986
2550
7555
9228
444
10319
10724
20494
19949
491
8528
7891
49
69070
68065
7928
7747
2508
2425
1444
1453
15736
16387
3972
3800
5523
5654
5516
6396
2404
2622
32125
33613
6085
6344
4065
4013
107282
104602
3226
3065
4041
4013
11577
10520
15004
15808
7442
8063
47196
45497
9638
9412
2502
2278
10447
9320
6455
8400
3782
3405
4783
5081
11518
10942
5107
4578
3722
3809
14177
13568
1653
1511
9164
9642
2001
2005
36083
34574
2393
5231
4487
9672
7570
3642
4462
9159
10970
4764
4752
71672
71347
1182
9220
9949
81732
81650
4
3727
3789
48203
50798
40608
39824
9459
4567
16099
15982
193
305874
303663
3854
44539
48139
1945
6438
8041
258
10450
10768
15987
15232
290
6225
7313
45
70879
71228
6472
6075
3250
3446
2941
2786
17490
18174
4429
4441
7837
7939
7070
4898
3687
3971
38715
38979
7369
6752
4697
4932
130761
130973
5706
5337
4319
3748
15706
14493
18153
17839
10519
10153
57895
57242
10914
10428
3353
2704
13354
11175
7672
7104
4753
4096
5246
6499
14254
13874
7483
6508
4057
3870
17266
17019
1583
1597
10908
10794
2551
2595
41927
41351
2585
5676
5453
9753
8463
5328
3548
11139
11832
4639
4792
92421
90398
1430
10729
12899
103739
103359
55
4169
4259
61484
64907
51157
51856
14073
7475
19672
20188
231
373760
383555
4412
57304
54958
2363
8804
7094
211
11616
12769
2
20647
22551
498
8037
8269
17
91393
92696
7913
7758
3442
3596
3160
2815
18296
18077
5533
5275
11512
12522
5927
4296
5735
6006
38913
41835
7822
7512
5776
5986
139297
137773
5469
5072
3935
3755
15797
17347
22148
20108
10796
10332
68444
66317
12017
10861
3342
3048
13232
12336
7136
7139
4762
4558
6287
5490
14872
14305
11341
10967
3768
3512
16659
16969
1971
2234
11280
10821
2771
2799
46159
46849
914
5670
4215
11398
9047
5631
4270
11594
11004
3882
3990
93595
92708
2410
9264
12672
108403
107353
14
549
481
3905
3796
67801
70483
55284
55128
9855
3526
19296
19749
288
366632
375229
5477
59187
50724
2283
9314
6864
256
10998
11883
36
27970
29221
945
8237
7827
40
87155
89862
8626
9921
2915
3149
2094
2235
22467
26893
4880
5475
12259
12981
6194
4842
12854
12642
35121
37557
5994
5603
4549
5457
142135
139242
5448
5075
4273
4884
16380
18273
20156
20384
10517
10521
70074
68431
10678
11339
6243
5875
14414
13140
7176
7273
6314
6660
4675
5603
21978
22186
10891
11564
3603
4095
17056
17529
2411
2644
6433
6915
55
53
2808
2829
52742
53677
514
4457
5878
9703
9453
5443
4556
10526
14420
3724
3715
95395
95703
2328
10957
12538
127300
128496
4
1502
1525
4086
3964
77112
76849
60776
60408
6962
3090
19984
20065
264
379700
381242
4994
52466
53723
1995
8066
6644
345
12540
13090
90
29303
31990
795
3276
2923
108
94827
97417
9314
9742
3441
4064
2677
3411
24923
29772
5848
5315
12118
12823
5577
5175
19491
19799
34919
36466
7371
7918
5416
6755
141409
142935
5606
5375
4157
4837
18492
19648
18157
19987
9194
11145
77259
78922
10932
12419
6604
7803
14233
14173
7230
7470
9102
9210
5534
7188
22532
23226
11824
12100
3809
4944
17554
18663
277
244
7872
10761
2736
2817
60406
61643
894
5089
6621
2871
8826
10757
5558
5241
11133
15503
7459
7654
115130
113999
2236
8216
11771
129412
130511
10
3226
3513
4792
5401
77576
78031
67991
68527
10326
4743
20660
21245
295
392536
403640
5610
58137
63783
1783
8961
8768
352
14265
16111
53
30698
32790
487
7249
8670
160
95473
97846
9802
10177
1703
1616
4333
4251
3558
3459
465
269
32129
35940
5796
5335
13309
12742
6196
6493
22574
22274
37147
37868
5615
5595
7233
6581
150289
145690
5795
5304
5058
4790
20545
19949
21972
19796
10703
10276
87560
86613
13008
12222
7948
7135
15347
14915
7496
7538
9313
9559
7410
6432
25310
24209
12837
11841
5879
5475
20107
19266
212
175
10973
10640
2949
2908
68569
67890
1485
7256
6048
10388
9205
6498
6474
15006
14414
8471
8255
116480
116661
2432
10688
13251
130729
127988
46
3912
3814
5598
5872
82809
80077
76766
74777
9999
5809
22303
22127
264
423758
420420
5009
69091
59533
1752
10245
10903
294
17250
16728
29
33931
32955
735
7096
6694
155
110443
111473
10629
9888
1624
1586
255
259
4365
4344
3530
3019
699
541
36462
35913
5826
5215
13163
13255
5641
5380
20256
20592
38309
36021
4662
4071
7530
5917
148256
146808
5048
4786
4964
4820
20059
20308
23279
16774
12093
9958
85548
84650
16186
12111
8133
6104
15557
15267
7870
7359
9369
9168
7512
7017
25497
24898
12645
12689
7896
7254
20011
19703
11163
9800
2820
2887
62770
64562
537
7497
5905
12581
7337
6446
5173
16238
12809
8378
8154
115763
116904
2822
10680
14240
133504
132034
26
3930
3960
5647
4432
78754
78332
77056
77337
8708
4712
22295
22262
263
423601
422989
4979
71608
57691
1759
9822
8163
182
18727
17491
127
33590
33449
747
7497
7327
91
117079
117014
10428
10050
1598
1633
2904
2976
2323
2220
6
28
26729
31349
5107
4595
12556
12883
4792
5668
12908
13412
33264
33460
3597
3687
6331
6308
135069
138329
1965
1757
4203
5063
19325
19443
15937
15050
9029
8537
62470
65259
10596
9980
5819
5841
14528
13552
7055
6736
8779
8413
6872
6701
19966
21385
12011
12190
4536
4305
18695
18249
6671
7451
2527
2550
51065
52573
6368
5582
7985
6961
5337
4717
13386
11601
10816
10296
108483
107735
2267
8608
10619
127740
127111
65
2826
3034
3870
3476
68226
70130
60945
60936
6934
5198
18941
19647
243
359882
373299
4614
63857
57377
1602
9337
9081
247
16050
17846
94
31534
32527
541
3203
3528
114
106231
109898
9952
10174
1405
1465
2125
2042
2420
2589
21059
20349
5477
5265
11892
11834
3932
6166
11103
11863
34105
35074
3874
4061
6543
6905
146842
147299
1926
1858
3723
4859
18727
19685
16579
18147
7120
9446
65476
67104
9933
11847
6243
7528
15205
14162
7750
7441
8602
8352
6647
6987
20958
21242
11028
10723
3861
4599
19211
18813
8900
10173
2436
2312
46984
47951
1332
6173
6431
7214
7770
5039
5754
12263
14589
10654
10470
107547
108411
2159
9189
10593
140216
140781
79
62
3257
3752
71823
72443
62321
63635
9512
5087
19939
19961
267
378838
379265
5070
56958
60976
1809
8568
11048
420
13642
13638
115
24385
23827
343
3004
3252
147
111971
113525
9750
10015
1325
1457
2282
2776
15320
14760
4849
4208
6860
7229
5084
5712
11103
11863
30524
31460
7232
7429
6438
6536
132095
133887
1131
977
4339
4357
13751
14796
18346
21058
9362
10950
57082
59804
11902
13601
6416
9549
14313
13422
7033
7153
8439
8248
6306
6706
16821
17303
6151
6406
3488
3897
16651
16160
9354
10183
2158
2307
41411
42238
986
6585
6628
7195
7745
4676
4388
12644
13787
10237
9944
106832
105985
2027
7614
10195
131186
130341
88
836
857
3582
4037
61642
63489
54167
54503
12195
5249
18358
18573
224
348799
352889
4253
52515
48658
1703
9063
9069
239
8218
8494
121
16586
16125
329
6539
7541
86
108017
109527
6811
7891
2210
3123
17301
15849
5428
5448
7331
7504
5646
6375
10963
11228
30804
32152
7912
8496
6480
7032
129652
129921
4573
4965
11911
11858
20249
21373
10092
11065
60141
59159
12927
15089
8852
9351
13138
12526
7018
7278
8661
8814
6240
7425
19297
20158
6705
6400
4150
4718
16892
16862
2115
2472
1630
1829
8997
12371
2305
2293
41165
41571
1456
6788
7360
8258
11919
4534
4096
14172
14858
7713
7947
106896
109015
2454
9368
11054
125652
130795
229
2997
2902
4947
6607
58144
59770
60291
61009
11829
5063
19123
19355
253
363333
367743
4797
52591
55284
1933
10036
10729
364
11802
12558
92
17757
17453
338
7657
9298
65
109590
112993
7505
7947
2395
2927
14300
13116
5614
5049
7406
6895
6234
6929
7542
7410
24281
25053
7729
6865
7204
6410
119173
112859
5195
4819
11239
11806
22970
20646
11200
11402
52648
52348
15627
13639
9487
8027
12344
10416
7323
6786
8058
7757
7244
6402
25047
24824
6744
5664
4972
4326
17139
16541
582
320
1513
1530
12417
10168
1690
1674
35667
33639
2037
7093
5737
12267
10893
4273
4661
14954
14678
8407
7201
99650
97772
2072
8989
11005
108293
104593
221
463
553
4829
5416
54480
54705
51185
49746
10492
3858
17850
17392
297
339147
330464
5630
56277
51801
1804
9514
10474
600
9608
11078
163
16175
15637
324
6956
6397
24
93097
91652
7936
7415
2570
2273
14135
14979
4574
4779
6152
5693
4966
5377
6139
6153
22328
23027
6211
6671
6011
5577
105641
101506
4156
4560
12481
13400
17299
17346
7336
8568
80436
78115
1096
5822
5262
10914
12035
7280
6788
11427
10631
6001
6045
7906
7593
5554
5758
25315
25999
5740
4734
3526
3826
11826
11651
6062
6443
2586
2620
9749
9313
1783
1694
10152
8574
3349
3458
11769
12818
6786
6218
88784
91956
1680
8242
9778
94371
95217
64
3642
3526
38599
40392
44228
42129
11082
7437
16664
16423
270
316628
312039
5124
45207
45312
1929
7191
8164
415
12767
14117
187
14284
14095
207
5980
6469
107
86113
86389
6846
6745
3000
2976
17802
17193
5125
5277
8442
8405
6352
4620
7932
8139
26295
27120
7321
6398
5960
6706
131215
132259
4331
4767
13186
13721
20488
20308
10541
9961
103930
105077
1448
6611
6378
12619
11974
9274
8605
13732
12736
7914
7564
9160
8759
6192
7259
30857
30230
7359
6905
4055
4226
17483
16854
10899
10952
3861
3977
10780
10380
2616
2524
12071
10290
4455
3451
14725
14088
7327
7140
115816
115761
2685
8734
11139
116937
116149
168
3968
4295
43313
45513
55239
54187
14693
10087
20276
20517
366
385230
389815
6951
56725
54239
2179
9183
7160
309
16796
16667
303
19211
18624
340
7476
7160
342
102834
104836
8570
8588
3139
3209
17503
18735
7290
6638
9904
9871
6101
4165
10509
11098
27178
28495
7904
7410
6164
5675
137661
137778
4544
4343
13659
14192
20953
19302
9518
8382
111533
109881
1092
5894
4911
13011
11164
9618
7968
13651
12858
7254
6741
8313
8458
5943
5199
33805
33070
8598
8760
3815
3729
13884
14372
11634
11519
3995
4136
10294
9931
3527
3883
12087
9783
4807
3618
14408
12951
5689
5645
112588
111629
2521
7628
11760
115675
114210
95
4047
3655
46133
48314
56878
57500
14701
13469
19896
20599
361
378048
391391
6855
66779
54694
2303
8227
6490
454
14142
15853
382
20444
22877
529
7344
7438
282
100443
104094
7721
7861
3285
3166
1337
972
22703
24250
6997
7608
12576
12911
6465
5019
13360
13271
26854
28889
7665
6841
5901
6686
142320
140620
4681
4758
14844
17481
21458
22441
11197
11561
123949
127323
6222
7191
13719
14447
9590
9276
16382
15733
7663
7344
8596
8929
5992
7441
38554
39013
10611
10511
3952
4252
17743
17846
10826
10607
231
301
9852
9419
12434
11691
4509
3678
5695
5745
73
73
13293
16125
9031
9095
113294
112403
2391
7811
12223
123342
119673
77
903
886
4099
3848
56729
56510
63327
62271
16191
9397
21294
21189
323
404581
402588
6130
65088
67284
2554
6692
5949
257
16421
16577
311
28620
30302
404
6748
7030
303
100495
101994
10103
10170
4147
4352
3529
3711
2158
2548
27886
34141
6903
6992
13640
13931
6049
5397
22294
23442
33060
35357
8752
8022
6603
7194
140351
147565
4837
5152
14844
17481
20533
22611
10810
11031
144306
155866
6223
6410
13893
14719
9257
10060
17606
17801
7160
7557
10495
10490
6092
7183
38490
39314
10559
10651
6039
6889
17762
18875
9839
9617
65
76
10051
12525
160
160
11066
12337
4563
4173
6196
6263
13879
15957
10938
11142
121565
124533
2344
8054
11590
129921
129346
124
2576
2757
5217
5554
4709
5497
57991
60093
71283
72750
12046
9606
21101
21771
421
400924
413640
7995
70903
71424
3563
9135
7550
346
16400
18363
168
31266
33167
450
6551
7338
319
98922
102281
283
597
10480
10908
4592
4944
3054
3566
2620
2261
37070
38619
7392
7040
16795
16377
5392
6110
24266
23811
36893
37714
9060
8437
7195
6401
154143
148766
4846
4826
20305
18476
22972
20549
11308
9677
156788
155338
6554
5772
15125
12276
9947
9555
17921
17929
7538
7787
10911
11056
6878
6775
39810
38097
11265
10247
7718
7308
3400
3030
20325
18082
9839
9617
12169
11361
12399
10379
5062
5254
6289
6186
15832
14385
11951
11800
127516
128357
2409
9553
12053
134113
131154
172
3944
3915
5890
5472
6107
6920
62674
60912
78603
76638
12767
8702
21935
21489
412
416752
408291
7824
78332
66415
3060
9149
10085
736
19189
18627
215
34559
32594
493
7966
7630
221
101821
102139
2360
2210
11363
9834
8167
8189
3500
3833
2294
2085
34916
34774
7823
7266
15705
16401
5646
5371
24068
24779
38226
37193
9232
7474
7403
5596
151132
148298
4861
4578
19746
19429
23090
19082
11489
9863
153036
155087
6624
6045
15309
11722
9841
8291
17962
17808
7849
7326
11271
10344
7414
5960
39800
39307
11191
11152
8670
8310
3257
2807
19142
18504
9603
9464
1750
1829
8780
5945
12456
8254
4661
3376
6307
6469
118
118
16346
13213
9891
9571
128105
127635
2782
9516
12183
136740
133497
118
3950
3846
5595
5607
7357
5297
65514
66135
74853
74587
11386
7908
22534
22142
402
428141
420700
7624
78593
68342
3441
10163
8269
443
18914
18483
353
32579
32450
637
7280
6318
486
105770
103285
2659
2492
11111
10805
8763
8719
3411
3303
2357
2343
26703
28049
6905
6585
12693
13763
5878
6036
15982
16409
30648
38630
6870
6640
5931
6006
133725
136177
4965
4597
18882
19497
19615
19218
8887
8261
128239
136626
5876
5282
9695
9841
8648
7354
16998
16427
7222
6886
9127
8817
6381
6737
33256
32755
10827
11030
6540
6209
2799
2612
17946
18433
9525
9394
5026
4729
10508
7541
4461
4280
4316
4636
13748
12607
7312
7208
114999
114805
2412
8844
11211
125883
125701
52
4652
3020
5509
5574
4335
4245
61589
64280
63438
64414
7454
3832
20045
20657
337
380843
392480
6400
72570
65810
2675
9402
8507
677
15786
16730
147
31160
32921
504
3439
3216
258
88856
91638
1543
1822
10588
10640
6500
7145
3730
3242
1455
1689
23827
22955
7025
7051
12812
12647
4619
7380
15495
16089
28862
31754
8389
7611
6853
6928
149109
148282
3936
4938
18360
18905
18773
22863
7996
9134
132906
135455
5479
6059
8556
9888
7235
8910
21101
21245
7262
7504
9061
8510
6606
6030
38555
38787
10679
10566
6020
6074
3133
3120
19062
17940
9840
9244
1422
1270
9663
10883
3803
4533
13288
15343
10302
10534
113162
113345
2375
8735
10538
137622
138744
40
2398
2540
5686
5516
3916
4437
66429
67571
67984
68648
4806
4577
21536
21314
372
409190
404967
7077
68019
73322
2893
7452
10618
778
15971
16228
139
30740
29142
632
3293
3242
244
103207
105573
2063
2208
10112
10578
5342
6202
3592
2990
18570
18261
6586
6340
6827
7407
5375
5824
13114
13562
29853
30367
7893
8298
6508
6495
127751
127449
4082
4145
14198
15187
19043
20389
8522
9205
113707
119576
5624
5549
9313
9694
6923
9925
17627
17311
7063
7104
7098
7029
5343
5312
33514
34051
7638
7255
3788
4007
2769
3310
16562
16620
7341
7129
9583
10141
4427
3981
13520
14745
10194
10078
119205
119437
2041
9102
10975
131737
129379
131
2430
2451
4927
4570
3943
4316
60013
61156
58234
58385
10512
10518
19378
19516
239
368189
370807
4546
64649
59934
2533
8619
9056
470
10471
10361
101
15996
16707
373
8239
9649
5
108854
109969
2087
1963
7153
7649
4050
3197
21057
19973
7108
7194
7180
5374
7387
7598
13436
13676
30388
31038
7355
8106
6341
6479
122938
125536
4509
4081
13022
12790
19337
19980
10219
10108
108469
110716
5584
5918
9982
11673
9371
10584
15523
15401
8266
8894
6911
7118
5198
6008
29955
31727
7497
6985
3886
4191
2949
3285
16312
16410
4767
5021
8896
11938
5459
4384
14311
13775
9783
10173
114654
118323
2263
10234
11191
126996
131273
347
4597
4723
5196
5007
4923
6858
61471
62735
63988
63299
12869
11885
19229
19184
289
365334
364504
5489
62566
63098
2912
10244
9219
503
12435
12008
185
15593
16169
247
10520
13221
105231
109067
2554
2573
727
1234
6493
6687
2893
3157
18556
18556
7271
7081
7644
7084
7606
9065
8166
8543
28870
27901
7682
6667
7188
6345
115419
109202
4725
4123
16111
14645
21378
20381
9940
10378
96625
92264
6236
5171
12760
11971
10099
8661
14537
13511
6851
6657
6886
6636
5806
5194
29836
28047
7215
6147
4729
4479
3685
2882
17997
17137
4456
4493
12221
12131
4805
5547
40
40
15392
14592
14550
13749
112128
110031
2000
10780
12505
117319
110540
110
480
443
5268
4619
5690
5436
55630
53278
57803
55189
10974
8048
17025
16758
267
323470
318407
5080
64494
59731
3392
8421
10523
776
9129
8700
14
15888
14972
523
9186
8698
89933
88639
1449
1475
1921
2067
7349
6640
2517
2452
17810
16746
6053
5914
6161
5831
6192
7846
6707
6496
28374
28047
6070
6175
5893
5400
102869
102318
3784
4077
13948
12099
16520
16737
7065
7763
86783
83118
4300
4158
8911
9213
7928
7425
12454
11727
6179
6236
6243
6231
4653
4462
27085
26166
6293
4996
3677
3946
2940
2954
14901
13917
3958
4020
10866
9034
3467
3878
10712
11868
13486
13360
108710
108041
1934
10723
11630
106325
104353
119
4393
3908
4171
4382
46737
48016
48183
47366
10020
8387
15864
15669
249
301417
297712
4741
48070
54298
2526
6619
9325
402
9931
9125
141
13831
12521
348
7029
7629
86305
87225
1743
1639
3871
3680
6255
5695
2834
2656
19577
21041
7187
7188
7839
8461
7992
5886
13565
13629
33609
32120
6626
6545
5188
4821
126797
128881
4221
4511
16100
16133
21489
20227
9506
8796
110721
108745
4538
3787
11356
9945
9623
7935
16134
15099
7663
7349
5953
6529
4480
4756
31868
31702
8306
7869
4218
4376
3218
3485
16993
17345
4650
4774
81
10933
8909
4224
3326
64
64
13400
12844
15155
15045
122390
122741
2394
10086
12717
120042
121327
310
5135
5061
5283
5498
56921
58031
56940
11826
13035
18533
18929
313
352122
359645
5954
61695
57664
2369
8772
7000
306
12670
12345
417
16724
17715
215
8822
9245
104167
109163
2759
2860
5384
4796
7916
8207
2832
2910
19483
20869
7014
6932
12705
11281
7971
5625
14696
15708
34571
34403
7585
7617
4831
4774
76309
75345
56847
57134
5734
5550
18189
17709
21636
18830
9713
8991
108537
108043
3671
3438
10194
9500
9583
7428
17004
17011
7634
9681
4799
6130
3845
3716
31723
31835
10482
10314
4429
4674
2558
3100
16716
16822
5136
4920
1477
1523
226
11538
10785
5302
4203
13554
12507
18445
18529
121183
120900
1973
9090
12322
120942
118655
178
6280
6000
4863
4966
65593
67194
63675
64362
10853
10564
18035
18438
256
342669
350324
4855
58007
2097
54974
2193
9505
7280
574
11501
13238
158
28892
28053
448
9994
9604
48363
49604
65332
66293
476
370
3477
1378
1854
8915
8971
3106
3134
1830
1638
10851
11554
12237
13028
7196
7497
12888
13285
7747
5717
25074
22186
34031
35333
7009
6907
5677
6327
140745
138199
6074
6573
18398
19626
21361
22277
10718
11107
118431
115620
4511
5002
11782
12376
9642
9231
21591
20707
7468
7290
5211
6540
4235
5334
32332
40174
10516
10430
6380
6696
3009
2775
21945
21907
4843
4831
9270
8838
123
11974
11594
1241
846
13059
15866
11631
11004
126242
124106
2131
9473
13312
133496
130802
104
3455
3563
6353
6646
4945
4514
73749
72323
19158
18904
54487
53997
14636
12698
20084
20060
320
381602
381140
6085
70528
70983
2630
9030
6437
398
13416
15298
247
30881
33375
433
9184
9292
129328
131202
3266
3201
9739
10882
6939
7145
2635
3342
2161
2233
11161
13058
16743
19586
7082
7111
16598
17794
7637
6392
25825
26926
34509
35081
6708
6867
6301
6185
137835
138084
7428
8041
18698
18870
19021
22565
9535
10418
132766
135236
5225
6014
12112
13871
9166
9931
21290
21418
6824
7506
5201
6296
5086
6253
34196
39035
10747
10907
6115
5870
2613
2718
23412
24109
4949
5052
8306
8667
9780
11234
237
262
13866
15506
11423
11383
130248
130509
1906
9486
12555
131544
129186
170
4667
5381
6317
6476
5225
5944
72684
73977
78131
81444
26475
24562
21645
22221
362
411250
422203
6872
69925
69912
2618
9067
7608
491
12432
14689
129
40510
32238
454
9132
10619
139718
144479
4581
4823
9522
10250
6961
7713
5072
4962
3217
2767
21471
20067
16198
15139
7627
6768
19818
17465
7690
7231
28778
28495
36599
35464
7273
7238
7310
5923
143594
137558
8877
8686
20350
18200
22739
19186
10928
9313
142365
149204
6195
5258
13702
11749
9962
9330
21702
21595
7470
7412
5549
6669
6461
5190
40041
39277
11724
11099
7062
6771
3301
2817
26024
23658
5356
9710
9918
11771
8754
72
193
15778
13819
18113
17817
132416
131209
2543
11468
13596
135100
133176
253
5520
5596
6783
6518
6501
6730
76782
75417
85262
83440
23192
24662
23051
22549
20633
364
437967
428431
6908
76124
65712
2540
8286
9816
689
15229
14384
141
34419
32421
535
12683
12400
144501
144668
5029
4656
10817
9189
7966
7753
4733
4208
3706
3251
20147
16882
16646
7410
7432
18485
19454
6452
6127
27840
27244
39311
36580
7503
7019
7392
6516
140450
137497
8772
7583
19417
19610
23037
18209
10577
8660
145305
143500
6200
5475
15169
12326
9950
8261
22642
22486
7582
6985
6262
6650
7521
6179
37972
38950
12029
12202
7428
6302
2690
2467
24368
25158
5058
5121
3037
3044
11096
7432
114
98
15470
13754
24491
23424
136302
134709
2941
11298
14008
134564
131323
218
5044
5181
6638
6603
6817
5402
72551
72562
91356
88975
24601
24689
22637
22359
427
430111
424817
8111
75905
68377
2786
8288
6462
16129
349
15738
14868
212
32816
32854
694
8885
9066
144237
142915
4966
4301
10625
10452
8035
7828
2921
3287
2911
2851
15383
15949
10242
10633
7151
6806
17189
17186
6413
7004
17019
36420
34644
6124
6512
6310
6389
131379
132304
7177
6283
18638
19171
18319
17488
7291
8443
125994
128211
4890
4942
9855
10648
7545
8478
21567
20696
7084
6706
5054
5757
5739
6113
39613
41247
11977
12100
6318
5345
2209
2114
23062
23064
4591
4158
634
736
7398
6443
98
12530
12684
18611
18621
136682
137680
2564
9132
11335
124255
123149
21
2944
3082
6389
6220
4450
4023
66541
67406
77469
81028
25478
20480
20545
20992
252
390363
398852
4788
67998
62785
2372
9606
8796
513
17274
16922
157
31108
32499
460
5214
5440
129293
132581
2871
2977
10619
10786
6893
6888
2901
3412
1325
1315
13385
13353
10952
10926
7145
7080
15319
15040
6372
8529
16629
17120
33749
33101
7176
7790
6600
6497
137640
136516
6638
7276
19281
18820
16520
21900
7014
8698
122687
123612
3858
4018
10018
10970
7516
9664
22150
21375
6963
7223
5003
5688
5455
5191
42421
42650
11561
11427
5352
5949
2159
2025
22232
20719
7065
8330
48
48
16
16
11708
13643
21543
22778
140958
140569
2717
9354
11871
126650
125743
85
3083
3309
6437
6070
4065
4796
68725
68008
80445
78529
24981
21688
21314
21183
269
404970
402482
5094
65655
71642
2454
7212
9800
641
16141
15088
195
29211
28694
501
5167
5650
131787
132060
3610
3546
9901
10613
5832
6197
2570
3345
6835
7015
10252
10523
7188
6693
7213
7426
5887
6445
14005
14424
35725
35797
7957
7766
6371
6403
123832
122826
6457
6311
15762
17182
18565
20381
8332
9727
109434
108797
3304
3278
10974
12710
8586
10094
20680
20218
8020
7882
5556
6111
5555
5572
37223
35643
5535
5500
5267
5904
1889
2354
16345
16523
79
8498
8947
12190
12948
20128
20887
134167
134103
2145
8749
10862
122593
121729
163
3160
3309
5338
5161
4819
5337
65083
66415
76188
78756
25207
31254
19779
19703
280
375796
374352
5324
56107
55048
1553
7344
8161
338
9605
8987
183
17359
17709
101
13011
11700
4437
134991
136432
3546
3382
7104
8143
3257
5035
7314
7113
10970
10669
7148
7484
7809
7658
9181
8809
11950
12218
34248
34895
6966
7480
6993
7381
116983
116867
6735
7649
16402
16860
18417
20526
9056
10731
101190
101735
4556
5006
10903
14260
5528
5783
4232
4777
18397
17888
8279
8339
6064
6547
5411
6281
35100
36172
5598
5237
5573
6609
3396
3400
15338
15396
7768
10936
14783
13942
16509
17109
704
916
137963
139690
2433
10274
11578
123874
129271
110
3451
3715
5667
5433
5039
6288
62801
62888
79523
83654
37340
43312
20287
20333
307
385450
386334
5821
59454
61952
1868
9410
9563
461
10474
10977
338
19305
19223
221
16306
16041
1
4797
144841
148887
5701
7649
7920
9002
3900
3227
7501
7458
9546
9491
7482
6915
7366
6882
9202
10876
8735
8694
30082
29404
7004
5858
7871
7105
119287
110538
8278
6703
16944
16194
21222
18534
10789
10400
90389
85884
4925
4317
14107
12675
10499
9564
17222
14992
8686
7921
5760
6497
6499
5591
38137
38921
5881
4792
7053
6660
3408
3070
17769
15595
12126
10526
77
77
14727
14944
18521
16842
1211
877
122390
122260
1486
9308
9998
116384
111320
128
2170
1936
5446
4924
5885
5384
53668
53245
70573
64683
35600
42358
19144
18914
218
363731
359377
4137
64598
56879
1772
8775
10449
29124
465
10349
9625
255
18074
16469
25
21396
15313
3873
136955
134033
6871
5144
7746
7637
2456
2507
8523
8090
8524
8092
5982
6173
6439
6036
6692
8037
6925
6883
28743
5375
5579
7097
6746
109025
106868
5786
6145
14778
13953
16518
16688
8045
8023
83726
80894
4089
4026
11043
10131
9438
9267
16405
14861
7774
7576
5633
6089
5102
4844
37617
38360
5253
4421
5384
6112
2350
2576
14111
13078
10407
8117
11766
13174
17771
17373
8703
8071
116794
118421
1322
9601
10263
107190
104832
129
1930
1931
4884
4730
4855
4964
46207
48298
60508
57102
31974
40339
18479
18205
252
351096
345900
4800
49463
53746
1551
6845
8410
422
10860
9638
283
14008
13434
189
17253
15917
19
1853
134209
134881
6306
6092
6058
6280
2
2743
2658
8003
9055
9781
11067
6957
6883
8568
8809
8065
6121
10967
10813
33201
32334
5877
6005
7464
7526
124085
126549
6440
6700
18397
18214
19241
18836
9022
8425
102597
104597
4229
3538
11918
11219
10273
8712
19122
17786
6768
8044
5927
6419
5445
5957
41893
44810
7321
6670
5121
5098
3022
3046
19340
18379
10614
9981
51
51
13683
14109
24070
24061
134078
132551
1147
9782
11237
117459
119482
300
2592
2637
5820
5572
5375
5348
56319
61507
70430
71302
50479
52097
20425
20383
324
388088
387272
6159
59088
59527
1096
9644
7273
294
11523
11536
293
17676
18435
160
19966
20952
12
158867
163834
6305
6963
9245
8909
2894
2815
8425
8809
10297
10765
7078
6633
10449
10703
7350
5105
14844
14819
33507
33706
6503
6112
6833
6260
136355
131745
7828
7310
17755
18074
21118
19307
9981
8140
106983
108382
3652
3049
11052
10092
9612
7745
18647
18092
8109
7634
5437
6291
5509
4446
43199
43322
11011
10790
6358
5517
2669
2210
22468
20984
11930
10394
171
14765
13098
23496
22791
142310
142172
1184
9638
11790
124912
122846
127
2672
3011
6222
6089
167
183
93
4938
4525
57109
55895
115755
116676
39228
42598
18347
18532
205
348591
352098
3909
71406
61382
616
9180
7572
589
10687
11327
78
26203
28081
849
23013
18117
157478
158587
7067
6244
9839
10709
293
443
2982
2973
1816
1718
12726
13668
11747
12617
7353
7713
14156
16144
7131
57
5501
18793
18927
33449
34438
5679
5533
6812
7537
143443
139477
8557
8098
18722
19024
21197
21763
9354
10816
111623
113207
5578
5533
12236
13525
9685
9308
19587
18659
8521
8244
5496
6649
5346
6572
43952
43785
11365
11987
6688
6851
2970
2800
22853
23927
11675
11234
14308
16193
21839
20688
151873
149479
2355
9383
13125
127644
125198
103
3487
3582
6238
6461
5142
4905
69551
65113
133519
137045
40256
44592
19019
19306
171
361349
366814
3234
70695
73170
470
9249
6631
470
14462
11984
158
29158
32200
156
21812
21886
160854
162892
6121
6257
13250
12374
7125
7175
106
166
2963
3658
3382
2998
15073
13347
12332
16375
7211
20728
20797
8126
6758
23408
24523
38298
39134
5969
6169
7499
7316
139460
141404
8328
8553
18661
18712
20405
22435
10194
10838
143644
149152
5995
6213
13595
15226
9712
10035
17895
18362
7945
8432
5087
5895
6365
7083
45485
46766
11826
11910
6836
6986
2765
2910
23233
24160
10009
11558
62
62
14636
15735
8088
8129
21184
20453
138965
139671
2467
10012
13399
131366
127986
157
4718
4884
6244
6442
5680
6373
72186
72097
153465
157567
44905
49068
23893
23314
20815
21372
186
371600
382751
3539
75386
73615
418
8828
7160
399
14319
15519
87
31420
33241
330
21400
23696
160910
169228
6737
7173
12713
14139
7562
7843
2023
2113
3435
3173
3638
2221
19881
18707
13816
13000
7645
7058
22919
18822
8195
8475
26605
25832
38178
38374
6215
6309
7969
5769
146752
139782
8804
8416
19943
17471
19599
17580
10970
9839
161282
157143
6444
5069
16050
12955
9981
10267
18697
18659
8029
8387
5276
6090
7381
5588
48784
48737
12568
11708
8500
7895
2736
2440
26065
24269
11610
9376
16085
15666
28984
28676
21630
20535
127688
126325
2596
10164
12537
136032
132597
141
5677
5528
6733
6397
6481
6838
77148
75450
146687
144951
12285
47765
53838
28232
26578
23026
22678
174
409257
404310
3307
79216
67505
654
8479
9059
594
20256
18977
114
34210
31163
659
25296
24868
172826
170753
7147
6830
14040
8219
8251
3182
1771
3307
2818
3473
3425
20096
20110
13965
13976
7975
7653
21521
21169
7440
6391
20875
20886
40881
40069
6349
6065
7943
7025
141531
144294
8778
8400
19324
19569
20362
17088
11231
9834
154300
156582
6392
6118
16094
12516
10066
9720
20010
20222
8508
8092
6039
6145
7444
6206
48467
49205
12278
12277
8527
8028
2766
2360
24858
24224
10643
5253
115
71
16282
15269
29660
29715
22846
22497
130663
130906
2901
10009
12728
142782
142195
119
5939
6100
6601
6572
7519
5567
74201
75262
170203
169519
45277
53587
21626
20661
22445
22296
188
404838
402963
3568
79841
75983
1228
9855
8020
507
21308
21661
107
32271
32354
436
22714
21592
183011
184225
6166
5385
13909
13747
8053
7979
2436
2575
2537
2574
2515
2362
17109
17087
11889
11874
7356
6999
21181
21274
7704
7181
13200
12817
37417
36477
5197
5465
7230
7013
123554
123959
8217
6612
18977
19466
18554
15823
8433
7582
121664
124116
6052
4446
10252
10514
9308
7657
18632
18404
7567
7160
5027
5530
6399
5953
40960
42429
11932
11729
6834
6281
2590
2426
22741
22412
5574
4887
15133
13863
91413
88807
22049
20987
47654
50509
2451
2324
8737
8762
124771
123246
35
4009
4190
6434
6331
4835
4356
64526
64435
185621
191490
38497
40419
18925
18206
587
359585
345906
11162
75296
66078
10615
9455
17749
17544
195
32102
32609
13812
14688
162153
163442
2925
2708
13767
13988
6667
7011
260
949
3320
3835
1188
1487
13909
13801
9666
9591
7066
7425
12365
12366
6477
9328
12400
12596
2451
3072
33901
33478
5561
6069
6931
6761
128605
128225
7153
8616
19106
19542
16146
19662
7681
9513
125647
130184
4959
5495
10085
11906
7320
9702
19427
19292
8351
8602
5348
5722
5493
5697
43301
43318
11559
10990
6123
7096
3378
3147
24592
22590
6074
7262
57
57
13613
16440
100493
98322
25084
25393
49424
51773
2636
1182
3754
9197
8324
136201
133826
318
3449
3535
6509
6209
4144
4819
69067
68088
218215
218261
42151
42936
16615
16510
1134
316080
313710
2370
68666
75847
6385
10357
12301
11411
841
29254
26653
17657
20027
159694
158349
4010
3850
11910
12541
6634
6751
3668
2876
10820
10289
7836
7450
7075
7085
7774
7899
7202
7761
9862
10032
2417
6790
37356
27946
6046
138
6391
6675
6670
120389
121568
7555
7725
14982
15748
17839
18823
8787
10015
108754
104710
3717
3849
12295
13534
8305
10043
18687
18257
8100
8215
5252
5365
5556
5534
41245
41946
5657
5535
5712
6445
2982
3023
20541
20217
7185
7960
13923
15108
91557
89040
23765
23677
43068
44528
1322
1165
2534
7850
7313
131385
130622
411
3893
3789
5521
5044
4613
5474
66984
66682
214589
216903
34639
42092
14011
7467
14175
64
266214
269318
3018
62124
58880
8578
7909
8931
8832
39
16231
16599
20403
20797
147428
150457
4262
5375
7902
9471
271
3070
4163
10552
10148
7642
7348
7118
5146
8180
8525
10165
9467
9397
9655
1918
5789
32937
29537
5521
215
6350
6870
7117
118746
121352
7795
7904
12962
13220
17936
19318
9162
10269
100403
99972
4469
4482
13130
14110
9968
10548
15836
16137
8002
8496
5538
5882
5695
5976
41541
44155
5937
5914
6258
6712
2336
2473
17116
17092
7241
10351
57
57
15176
16721
92805
92359
18873
20372
45990
47524
1919
638
2674
8045
7452
125538
130020
444
4461
4646
5467
5429
5618
7142
64984
65706
217757
228472
28914
31345
255511
261365
5283
64190
65614
10010
9497
12968
12689
18874
18654
20655
23072
144908
148546
5163
9168
7800
8882
3954
3501
10636
9473
7091
6316
7541
7105
7673
6842
11087
10184
6615
5932
1707
6691
32910
27748
6505
5618
7415
6707
114363
107507
8615
7553
17498
16410
19550
16124
10132
10451
90319
87618
4294
3631
14419
13467
10452
9506
14712
14297
8458
8110
5147
5183
6430
5085
40582
41686
5558
4954
7046
6342
2297
1623
18215
16917
10473
9274
20256
19668
90329
88680
19993
17989
44442
43376
1247
1218
2682
6930
6610
115483
107538
236
2976
2738
6317
5362
6454
6100
60721
57361
209609
202631
28887
28797
254542
244962
4483
57447
50771
9134
11038
10777
11185
16282
15570
22212
19856
129889
122512
5516
3360
8878
8044
2865
2795
10102
9283
6735
6190
6064
6652
6358
6208
7218
8765
5370
5079
2319
7125
37775
34017
4643
4878
6546
6282
103996
104109
6619
7027
14210
13653
15382
15596
7775
8958
80074
77403
3974
3583
11183
11308
9025
85
82
8307
12633
12574
7412
7461
5505
5609
5062
4701
35409
36717
5281
4515
5592
5780
3013
3066
14406
13877
9744
8263
16780
17151
84829
84628
18014
17493
43558
43998
1138
14
1236
2451
7679
7446
108892
106733
244
2359
2283
5482
5024
5074
4980
53698
54091
194470
191384
25787
25105
234230
232000
2230
47171
49229
7902
8808
10920
11544
12927
12357
17264
17674
123016
123798
4005
3800
6604
5583
6739
3252
3262
11990
11846
7994
7897
7292
7689
8717
9101
7866
6602
6613
6609
3738
7493
35662
30814
5417
5944
6965
6861
125005
129314
7079
7615
18332
17713
18296
17400
9057
8839
105674
106105
4550
4595
13136
12517
10334
8662
14516
14292
8517
8473
5599
5792
5823
6112
44021
45983
6434
6102
6237
6463
3642
3439
19188
18785
10774
9795
17389
17005
96897
96521
27144
27597
47222
49089
2712
839
3713
9110
9028
132940
134638
866
2663
2719
6597
6464
5678
5452
66848
68120
218696
216505
2191
32109
30634
295447
300468
3547
63747
57817
10021
8316
9405
9951
19254
18944
22371
21937
148518
154428
5029
4173
9764
9007
3061
2789
13072
12769
8715
8514
8737
8321
12097
12104
9384
5693
6726
6566
2555
6996
36882
31599
6147
5591
6607
5749
128519
124786
8302
7009
18490
18776
18582
16276
10513
9254
1054
825
102860
104490
3978
3413
12873
11296
9218
6414
14658
14850
8372
8115
5095
5669
5702
4626
43250
43568
10999
10641
6573
5806
2619
2488
22150
22019
11010
8928
4504
4115
120
215
15269
12859
94247
92279
26310
26399
49726
49043
1509
1252
2920
8790
9085
134858
131652
455
2835
2992
6342
6260
399
560
5297
4763
65495
64295
218562
216355
22825
28720
311243
301722
4984
64197
54680
9119
7388
8175
9267
23009
23995
21276
19772
155544
155423
4103
3578
9694
9731
570
587
2829
2742
11106
12289
13574
15018
8011
8620
16052
19369
9170
7531
6855
6759
2710
7939
37180
32116
5520
268
5606
6844
7052
131973
129206
8363
8232
18224
19193
17817
19135
10119
10806
5818
5703
114901
119086
4329
5058
13356
13241
8809
8461
16292
16091
8606
8542
5025
5717
5602
6547
46216
45968
11274
12127
6213
6878
2633
2915
22483
24879
10620
10698
6103
6354
14589
15951
92070
90587
26864
26977
51934
52827
2402
1283
4201
8803
9151
140519
139712
156
3928
4001
6372
6642
300
300
5339
5012
74165
72140
238713
238783
33622
38546
323476
325203
1727
55171
71041
8670
7234
14237
14167
38624
44925
20985
20415
165124
169344
3359
3499
10407
10870
6798
7078
3034
3542
11568
12675
17351
19013
7302
7678
49
19403
20076
8303
9441
9755
10515
2868
6491
38177
35687
6578
6794
6976
7031
130718
133305
8165
8278
18434
18597
17916
18859
10833
10946
6336
6272
140615
143535
6228
6524
13659
14320
9640
9072
16200
15943
8270
8621
6398
6895
49622
49663
12040
12061
6556
6675
2673
2814
24075
24583
10065
11440
5879
5932
15351
15609
84406
84132
25592
25795
52640
53562
1772
1050
2971
9754
10146
140791
141819
512
6134
6491
6429
6544
5238
5617
74291
74553
288888
297792
35262
43008
309798
302480
7318
67609
71081
10530
7595
11776
13459
44647
47204
19687
21191
169663
176345
4926
5429
10722
10865
7091
7565
1570
1878
526
5822
5564
14752
13663
22127
20495
8771
8163
20870
18442
9521
9348
9870
10649
283
3628
42833
39287
7419
138
7180
7418
5764
131615
127146
8801
7498
19581
18240
17961
18859
11401
9110
6565
5299
155529
151670
6860
5499
16313
13649
10003
8725
16041
15686
8536
8786
4439
4794
7299
5256
51884
50788
12357
11365
8371
7093
2732
2954
26240
23794
12214
8642
6511
6299
16004
14946
85905
85639
19914
19194
41461
42052
1544
2585
4128
7601
7564
132913
133573
377
8219
7823
6786
6483
276
276
6289
6829
73551
71393
33478
37293
625885
622871
4252
66429
61102
9364
10189
18263
16893
44850
42904
21510
20854
170816
169718
5039
4749
11275
10227
7856
7508
3046
2378
6299
5960
14796
14843
22195
22265
9032
9346
20181
19596
9250
8334
10735
10796
335
3918
47134
41419
7315
7019
7516
6544
134893
136380
8771
6924
18714
19492
19222
17904
10949
9951
6718
6066
153474
156176
6855
5842
15527
13949
10393
9602
17546
17584
8845
8571
5703
6000
7344
5746
51419
52071
12426
12271
8567
7668
2889
2988
25167
24953
10890
7264
6637
6533
16182
15581
93753
94651
22938
21776
47014
48879
2827
732
3477
8192
8405
141269
143435
254
7631
7869
6702
6642
7057
5748
76465
76637
29185
44096
659837
629003
3788
68001
67276
10910
8939
22070
21687
48029
47631
20427
18373
175196
175429
4195
3822
11175
10767
7918
7968
2742
2767
5288
5347
13541
13860
16550
16939
8581
7833
18734
19182
9710
9461
9609
9556
257
3732
42717
40524
5007
5086
6501
6196
121517
121950
7544
6238
65
3
18661
18985
16986
14923
7288
7801
6195
3678
24629
25306
118123
122647
5778
4851
12568
12044
9672
8947
18286
18093
7920
7608
4821
5279
5050
4514
43798
44466
11669
11692
6794
5757
2619
2717
37344
23362
23227
8322
7106
27
6356
6039
14740
13844
86214
84290
1218
1446
50363
50388
2634
292
2700
7586
7555
128474
125747
236
5387
5578
6416
6299
4744
4319
63532
64784
30032
548374
544302
4072
60908
55880
9456
9855
18973
17647
46679
46793
13787
14747
148628
150010
2009
1816
10712
10836
6838
6552
5667
6552
9047
8830
21112
20605
7718
7605
13977
13614
7267
8858
10656
10896
11166
732
4107
40497
37366
5603
5764
5998
6328
131190
132002
5764
6648
18665
19067
15690
19327
7176
9330
4895
5296
27056
28955
121336
122958
3982
4365
11916
13625
8513
10042
19265
19098
8230
8466
4714
5291
4880
4616
46311
46468
10862
10378
6221
6663
2399
2902
23387
22429
8358
9524
36
6232
5999
75
75
13183
16089
93418
90355
50
48
49494
50244
2402
1451
3700
9318
8862
132537
131519
62
5369
5658
6550
6379
4056
4638
68869
69656
36255
43415
573619
558030
15589
58222
64753
7201
10147
11459
10330
42346
36840
16349
18011
159491
6916
162983
3524
3115
10860
11038
5874
5648
6003
6865
5406
5457
15386
15532
7814
7811
7170
7664
8458
8820
3924
3995
95
3334
39105
38033
7279
7710
6244
6209
115533
118110
5586
5620
15264
16324
17463
17635
8505
10142
5565
4715
26033
27577
98528
100215
3657
3702
12649
13688
8770
10115
15195
14959
7829
7677
4722
5128
3993
4316
40669
41604
6089
6012
5390
5927
2299
2689
16600
16850
8765
9342
67
80
3905
5106
13958
14211
84768
84157
46340
46811
1501
1278
2756
8636
8994
125368
127970
29
4484
5023
5541
5512
4647
5304
61604
63206
38166
41758
506882
522199
3575
57385
56815
8701
8666
8419
7457
18612
19005
17432
19239
140146
145429
4126
3887
8487
9471
9747
12043
5970
5706
16992
16242
7991
8179
8585
8838
9678
9746
3884
3905
516
3551
42768
42915
6963
7482
6429
6736
125210
125493
6766
7379
16320
16511
17414
18744
9498
10666
5543
4814
27144
29195
110375
107556
4471
4443
13817
15182
10394
10031
14299
14378
8631
8846
5482
5525
4291
4514
46125
47125
6824
6256
5947
6330
2334
2668
16132
16132
9053
11627
4371
4043
14995
15555
92669
92916
53430
55533
1950
1447
3287
8566
7897
139293
143448
27
6845
7012
5953
5812
214
216
4978
5497
72652
70738
44192
42460
553433
556208
4265
62328
65576
10829
9714
10484
9620
20649
19667
21376
23909
163240
165620
4561
3518
9830
7163
9810
12079
10344
5668
5106
16133
14533
9318
8642
8199
7306
10015
10841
3236
3472
1049
3183
37358
33685
7291
6498
7165
6811
116692
110731
8507
7081
17967
15899
19968
16381
10878
11248
6407
4656
27506
25377
90441
86480
4417
3615
15735
15209
10688
9743
13887
13118
8709
7993
5143
5529
5281
4219
38491
38495
5776
5244
7034
6194
2821
2598
17684
16885
12161
11843
4269
4124
16020
15382
93378
90162
1817
1800
49461
47594
1178
1280
2371
7827
7090
119065
110911
64
3156
2815
5501
5791
5517
64876
63054
36911
35155
19100
18600
482915
473688
5447
65540
59075
8808
10593
11778
10335
20155
18453
20135
18152
140506
134426
3839
3000
9793
9055
7786
7854
5109
4915
15326
14742
7196
7861
6999
6764
8505
9284
2691
2825
2019
4389
33009
30502
5636
5881
5726
5519
103145
101874
6143
6485
15494
14354
15398
15901
8923
9245
4970
4774
25550
25888
84511
81168
3770
3620
12967
12687
9573
8886
13283
12829
7418
7204
4365
4569
4045
3689
35500
36066
5289
4695
5543
5446
2152
2612
14536
14006
11051
8778
47
52
4253
3507
11941
13281
78061
78941
851
917
42260
42443
1259
1304
2460
7342
7298
101212
101552
13
2090
2061
5590
4939
216
4809
4902
51793
51648
17409
19822
207768
213908
262959
246222
3428
48547
56308
7056
8645
12977
11981
16888
15640
19181
19380
131987
131355
3132
3256
7214
7360
8479
8513
5687
5947
17062
17839
7659
7971
8778
9154
10549
8552
3588
3729
2875
5759
42175
37219
5929
6251
6436
6513
120150
120768
7045
7020
17729
16168
18530
16983
10557
9937
5847
5078
35739
35898
110062
110922
4054
3346
14791
13276
10666
9232
15423
14882
8464
7965
5098
5491
4421
4559
44450
46734
7129
6797
5536
5286
2578
2886
18354
18257
11025
9319
5024
4890
13608
13411
102569
99885
268
243
53589
54811
1285
1422
2783
10212
10176
130260
128361
27
2769
2902
6280
6136
211
5483
5144
64902
67153
21959
25040
228853
248037
332823
312349
6043
61428
64768
9516
7806
11786
12221
18933
21784
25989
26585
159026
163429
4727
4630
9673
9179
3525
4439
10924
10390
6169
6128
18504
18383
7791
7007
13214
13320
9635
6931
3813
3925
368
7227
44616
37171
7223
7063
6124
5380
121852
120168
8016
7287
17754
17434
18324
15803
10860
9590
6524
5356
43069
42531
116005
115485
12660
14978
10383
9067
16115
16000
8608
8112
4584
5114
4715
3840
45324
45748
11882
10771
6347
5532
17237
16868
11827
10216
5024
5934
14199
12635
91281
88636
95
25
47209
47360
1322
1316
2686
9339
9693
136799
132678
10
3381
3804
6437
6083
4987
4768
70367
67810
19837
19888
246192
256717
360412
342797
5479
70579
62417
7591
6295
10440
10303
27661
29232
21539
20139
163193
164249
4948
4633
10484
9926
932
876
4124
4803
9649
9314
7551
8394
23910
26582
8038
7320
13752
15360
9717
8310
3869
3903
439
7221
43940
45448
6259
6351
6614
6842
123875
122707
8087
8013
18631
19017
18386
19116
10295
11294
6297
5613
40320
41263
128933
127156
15101
14956
10622
9541
20044
19515
8287
8345
4847
5390
4678
5042
46622
46716
11722
12097
6923
6255
22778
23408
11986
11563
5796
6509
14516
16135
92426
91938
138
133
46651
46385
2027
1170
3730
9631
10413
142779
138439
13
5717
5953
6596
6612
4969
4789
77836
77122
26750
28061
260432
263538
357811
348183
4294
72265
76951
7891
7032
14556
15130
40309
44370
21812
20752
172591
175392
5007
4989
10870
10921
6756
7492
494
873
5426
5728
8848
12856
12183
13338
24734
27080
8116
8284
19937
20725
10050
8744
3610
3580
121
6185
49847
44844
6949
7242
7604
6805
6714
125511
127049
8254
7867
18617
19157
17411
18869
10315
11051
6233
5457
37881
40566
147514
150769
14968
15687
10364
9884
18956
19211
7829
8393
1054
1135
5057
5400
45805
46480
11811
11966
6536
6670
24122
24674
10698
11952
36
36
6993
7092
13862
15651
2906
2740
132423
133369
2241
11959
15045
154036
150135
31
6748
7420
6449
6355
4984
5382
80670
83945
29083
34010
278866
287690
354631
349075
5355
77872
79093
7334
6409
11531
11383
41364
43583
24461
27911
177060
180570
4847
5285
10666
10881
6560
7245
2643
2798
5598
4839
14390
12941
11263
10497
35666
33238
21819
18653
9595
9711
3778
4026
121
8431
57730
48924
7952
7989
7497
6288
134649
128131
8769
7645
19283
18315
19167
16951
11584
9021
5872
6603
42577
41827
163781
157166
18137
16258
9837
8833
19236
19673
8397
8269
5627
5044
46423
45418
12307
11023
7868
7570
25845
24234
11976
9839
7627
7343
15997
14627
1909
1878
141641
142258
2142
12879
14610
157170
153075
32
9677
9060
6757
6432
5488
5592
87381
83598
29941
31084
281597
294113
393459
350470
6965
79343
73642
7088
7822
13148
11820
47119
42816
29206
27675
183331
177639
5354
5163
11242
10257
8719
8246
2724
2190
6010
5807
13255
10828
10856
11005
34378
34849
8641
8661
20886
20892
8634
8022
5699
5767
39564
29086
20650
36745
8116
7717
7493
7202
131468
131890
8820
7946
19203
19384
18637
17905
11213
9733
6509
6143
41767
39903
160853
160664
17747
16344
10427
10444
19777
19885
8776
7400
5621
4657
46165
46511
12468
12130
8302
7967
25450
24392
11735
8582
93
7623
7509
16270
15585
2754
2807
145325
147496
2732
13636
16202
152182
150889
30
9440
9516
6606
6575
5966
4836
83821
86383
28191
24730
20
285079
301827
305
392063
366190
613
79459
80208
7912
6522
13847
13139
44747
44983
24720
22925
40
176215
175566
4876
4063
11091
10803
8543
8577
2937
2870
5512
5459
7445
7752
18458
18286
18459
18287
8187
6310
14146
15447
8418
8636
3566
3526
50729
48740
5008
4823
6778
6615
123303
123172
8053
7151
18815
19011
16665
14977
7979
7442
6030
4797
33630
33099
125472
125715
14243
14980
9836
9544
19152
18782
7320
7037
4942
4671
41977
42561
11965
11774
7241
6191
23886
23838
4708
3434
9287
7259
78
7623
7089
14398
12697
4180
3500
136977
136108
2412
12528
14605
139898
135509
22
6414
6373
6502
6465
4634
4479
67778
70950
14395
13312
19
239607
256958
179
349086
331868
193
72558
68552
6809
6808
13254
11596
42992
43473
12222
12410
155823
157835
1091
985
10873
10759
6897
6773
5234
4734
8758
10165
11687
11598
19899
19750
6838
7446
13901
13579
7695
9474
3551
3609
52459
52902
4143
4484
6850
7132
128065
127962
7547
8140
18547
18321
15061
17608
7089
9495
4770
5038
39622
41020
133818
131254
13312
13288
8407
10194
17331
16909
7865
8086
4923
5020
44137
44832
11188
10433
6019
6888
23513
22819
5449
4678
8677
9944
6958
6617
11215
14072
1261
1392
148903
150932
5831
7633
12918
144431
144081
27
6509
6810
6625
6342
8970
4517
74235
76849
18760
15040
32
252733
264178
110
364006
355291
256
66206
73337
6849
7364
675
571
3713
1176
7966
9083
38401
34666
12913
10127
16
150
4880
165722
161111
1101
1593
10597
10181
5485
4869
3858
3855
8532
10325
10591
10974
9777
10130
6666
5907
8025
8279
8016
8849
67
40
51069
51110
4598
5217
6788
6806
116316
118663
7112
7040
15731
15979
16881
17581
8104
10033
4744
4273
35245
36335
110957
111322
14821
15980
8380
10408
908
3217
13494
13489
4107
4105
8394
8572
4228
4111
43244
43775
5932
5822
5485
5810
21735
21632
3825
3806
811
548
9259
9319
4566
5055
12043
12281
1507
1708
135983
137153
5496
6575
11606
134263
134577
26
5417
5732
5536
4993
234
234
4847
5272
63907
67062
23724
22502
11
224032
246101
65
309094
297053
215
64148
61696
6386
6643
2045
245
1
3958
595
4101
9007
18462
17760
19939
14642
15
612
6322
152231
155315
3682
3987
8243
8869
3956
3931
9587
12909
12823
11842
13346
12325
7713
7391
8587
8581
11463
11301
48590
50970
5985
6676
7316
7206
123528
122988
7680
7564
16342
16084
16269
17848
8423
10551
4690
5099
1326
1403
33935
35171
116509
113410
138
16100
16455
11372
14206
6407
8383
21222
21003
11376
13191
5186
6125
43107
43327
6745
6447
6341
6561
19504
19086
3956
3914
10072
12992
52
52
4736
4608
12910
14953
3031
2915
131825
137377
1733
12751
13919
136275
139591
20
7284
7121
6044
5745
5454
6018
70220
70214
30952
29766
247015
260540
254
321699
308246
644
68621
70227
7597
6516
1731
2511
5144
8864
18891
17691
20467
23211
17
164412
165255
3406
4180
9439
9157
3737
3032
13288
11600
11565
11102
10676
10248
7177
5248
7675
7294
11785
12973
49993
48121
6591
5331
7355
6336
114823
107237
8108
6423
16745
15889
17634
16513
10158
11307
5761
3807
2774
2291
34910
33583
94843
94713
130
17056
17261
13937
12687
8799
6059
17752
17933
13881
11530
5988
5729
46995
46785
6661
6222
7347
6135
21356
19898
5033
4204
11711
11202
51
4891
4251
14596
12480
1859
1807
145020
141096
1273
10085
11225
124934
119096
20
3734
3578
912
917
6203
5621
6101
6011
60619
61729
28156
22333
1
197345
211641
178
303783
283669
380
75110
65024
263
6940
7841
913
517
4858
1102
4972
8754
19383
17923
19536
12352
16
325
4820
146357
142865
3483
2846
9344
8008
2590
2585
9999
9982
11101
10320
12519
11638
7023
6612
6804
6426
10502
11436
48728
47111
4648
4899
6582
5827
100010
97746
6945
7000
15388
14372
15306
14103
8594
10094
5444
4558
2311
2311
34168
34269
91506
87053
41
14499
15409
11774
10649
6770
4609
16473
16475
10924
11207
5538
5397
47858
46569
5669
5012
5721
6018
18451
17218
5102
4667
10222
9064
51
4668
3878
11146
12314
1532
1444
36
127460
128247
1039
8631
9613
114811
112533
73
2656
2642
926
1251
5402
4740
5073
4937
53065
53450
21779
21031
7
183384
197534
97
277766
261011
127
63712
61924
5765
6688
695
535
5311
1155
4632
8697
16721
15059
16615
11019
9
159
6434
133618
134304
3163
3341
7343
7045
3946
3746
11097
10516
12397
12883
15152
15745
6576
7836
9008
8935
10156
9031
58892
56107
4714
5115
7259
7465
119677
118333
7555
7350
18040
17304
16857
17098
10894
10697
4864
5082
2521
2149
39820
39867
125028
124027
17588
16778
13556
11685
7525
4585
18231
18263
12900
13964
5760
6609
59583
59523
6745
6327
5289
5547
23384
21917
6234
5861
10508
8686
6167
5867
12238
13489
5673
5836
164272
160967
1382
12006
13199
149911
147533
50
3210
3230
315
6391
5951
5539
5195
65797
68635
25991
27485
272
242810
256380
219
316133
307470
668
70071
78313
7522
6220
2121
743
3177
362
6570
11808
20223
19719
23268
17332
2
464
5667
163017
165828
3938
4115
10498
9475
4146
4457
10838
11137
10367
10282
16914
16777
7465
6218
13212
13395
9379
7852
55673
57612
5695
5053
6777
6173
119810
118383
8327
6321
19534
19594
16925
15947
10572
9409
5373
4408
2621
1803
37954
37814
2213
1962
127887
128368
17572
14471
13876
10356
7479
4226
18548
18263
14571
15291
5879
5214
60277
60254
10912
10831
6978
5923
21817
21809
3817
3303
11569
9624
5757
6438
14432
12656
3999
3924
158219
157000
1325
11070
12465
148792
146825
31
4833
5065
6116
5749
5334
4531
3631
3866
67887
67841
30467
30162
723
237278
247572
160
320370
310284
179
72288
62390
6560
5065
3541
820
5185
1117
4817
12310
25813
26890
23753
16840
109
6173
164960
167002
4788
4416
11874
12478
6098
7245
11600
11672
14103
15624
21155
23438
8801
8234
14679
15184
9499
7996
59777
60307
3657
3956
6604
7412
121730
118474
8411
8317
21385
22075
18052
18109
10104
10851
5953
5442
2471
2471
40916
41896
70
5779
5367
140772
138944
17824
17778
13861
12950
8680
6816
25399
18263
15254
14332
5690
6961
61907
61200
11263
11745
7440
7252
22810
22847
345
332
12385
11923
5686
6426
13730
15949
2418
2362
156975
155789
2233
11959
15114
156212
150449
40
8198
7567
6557
6505
5208
5067
7683
7987
43024
42526
35431
35020
36162
31968
23
256459
267720
151
352219
341390
187
73416
77277
6400
5522
1485
523
7563
1320
8394
13807
37103
40837
21603
15187
11
165
5575
172132
172112
3671
3824
13988
13399
6614
6931
7436
7807
9662
12182
17568
19025
26353
28538
9438
9193
21655
22478
8812
8303
58381
62314
5333
5397
7123
7302
122821
124640
8249
8250
20629
21315
19842
20843
10172
10503
5869
5378
3498
3669
30723
31777
6103
5827
169393
172519
721
17143
17960
13194
13431
7290
8525
26006
26050
14340
15834
6140
7098
61178
61451
11680
11633
6668
6420
22661
23112
10953
11733
6913
7268
12861
15772
1905
1927
153259
152477
2369
13938
17031
150533
148140
37
9610
9964
5265
6380
5624
5800
8582
8893
81101
85259
36711
31893
273646
288238
262
357138
362488
103
75305
77598
7041
6259
47
259
5024
1258
7639
11300
42004
45817
22262
16103
6
132
7259
173354
179661
3974
4361
15256
16597
7799
8057
2316
2895
8183
7056
12726
11401
20308
18765
30462
28148
10316
25195
21278
9067
9487
64022
61088
6448
6133
7700
6753
132941
127472
8712
7737
22772
21078
22213
18826
10461
8742
6706
5232
6044
5389
31686
30939
5910
5698
186774
183224
1081
18551
15159
14769
13275
9736
5312
25803
25986
14397
15048
7211
6195
63517
61774
12043
10562
7986
7174
24664
23142
12907
10937
7665
7488
15820
15384
3856
3830
159302
157936
3006
11639
14494
156227
154847
36
12769
11687
11704
9970
7656
7758
9813
8037
89861
88864
41337
29672
286784
307254
1
386464
373526
144
82017
67631
7647
7499
546
1258
10
11039
908
10321
18654
48136
42776
25943
18655
11
167
6616
183026
177033
4825
7478
17879
14202
8701
8247
4354
3254
7893
7860
12766
11376
19816
19606
29722
29409
10194
9745
23579
23270
8021
7458
67853
63669
6274
5502
7851
7426
131452
128686
8813
7898
22268
22544
22374
19675
10122
9893
6980
6285
6545
5916
32627
29940
5917
5497
180010
178226
378
18050
16290
14632
12193
9582
6446
25218
25852
15706
12605
7219
6501
62855
61517
12034
11510
8321
7666
24205
23096
11437
7965
7622
7295
16286
15705
4345
4101
164617
160952
2504
10465
12889
159846
155585
44
11244
10257
10805
10131
8356
6376
9548
8258
84588
85887
37628
29304
284700
301302
131
387099
364880
175
79756
75292
7777
6303
744
1201
103
9914
914
13481
20197
45625
44505
22963
16690
5026
194329
190563
4541
3541
16886
16156
8795
8108
4108
3974
7488
7680
8631
9425
17359
17806
22094
22661
9430
7125
19873
20515
8676
8903
57496
53542
4763
5258
6869
6554
118938
120880
7665
6262
20686
21341
1514
1290
18713
15635
7824
7873
6408
5159
6074
4971
26046
25626
8965
8399
142133
142506
14543
12907
10515
10065
6374
4361
25698
25516
14409
12886
6306
6380
57635
59332
720
695
11751
11669
6766
5679
22245
22434
166
8520
7284
6739
7232
13956
12514
3252
3254
152472
150286
1454
8105
9654
149173
148196
14
7911
7294
6460
6429
4626
4295
8226
8497
70960
75159
26083
23414
246806
271922
126
343151
331556
250
70270
63156
6667
7034
362
1008
98
10029
987
10370
17334
41859
43607
10826
8452
3340
163718
171093
1981
1886
15368
15621
7427
7523
7105
6502
9506
10316
15184
14346
24772
23406
7620
9208
15190
14356
7695
9528
52272
54817
5890
6331
6758
7097
36425
37762
127606
128594
7483
8342
22535
22169
3520
3489
22437
19293
7448
9863
5391
5565
5525
5980
25971
27010
10530
9641
116955
158151
68
14470
17128
9515
11567
6267
5701
28141
28213
13620
14929
5986
6826
64326
63221
114
144
11022
10221
6453
7526
23713
22825
8694
10022
7317
6674
11678
15458
3717
3642
167699
164943
1414
10501
13106
156435
155152
27
7273
6868
6641
6186
4212
4558
9227
8638
42279
43498
25092
21490
270749
282049
123
358383
353471
110
66115
73726
361
5899
6869
610
952
6221
1199
5702
6470
38888
32196
15342
11677
406
5055
179859
180876
2917
3336
14142
13868
3562
3595
4788
4612
9334
10476
25246
25594
8385
8925
8892
8837
8196
8706
50246
50512
6419
6708
6445
6660
69269
72939
117571
119320
7579
7036
18899
19800
3010
3819
21482
20957
7806
8547
5531
5431
5724
5488
15273
15979
9658
9190
144873
146353
15633
16668
10115
13489
6882
5434
31703
32580
12167
12310
5875
6599
63655
63733
114
144
7509
7366
6819
6654
16622
17050
9701
9733
5756
6115
12286
13851
5227
5150
155194
152256
1304
9672
12203
142369
141640
7
7044
6859
5814
5569
4996
5266
8624
8925
29419
20763
239960
257323
180
313110
312642
387
66601
63432
6287
6681
204
1758
4993
379
5456
5006
17909
18160
23438
18470
142
6998
103
175650
175918
3955
4134
9311
9848
4291
4299
10049
14340
28887
28579
9120
9341
9024
8906
2868
2964
12635
10769
49744
52397
5873
6711
6837
7191
71437
73759
119241
120496
8059
7433
18453
17560
3923
4360
21162
19954
8274
9747
7066
7531
5723
5909
9236
9489
8053
8256
142663
142684
193
16584
18302
12382
14140
6628
8545
35676
35735
12757
14599
5712
6649
63719
64207
82
144
7599
7321
8635
9367
19322
19524
10126
13089
2603
1836
5758
5412
13488
13695
11575
11560
150206
151330
1831
10869
12935
138104
141878
46
7695
7440
5809
5371
6659
7314
7947
8923
29002
29998
249729
264396
128
313389
310722
43
67413
70630
351
7467
7184
141
859
6063
658
5229
8327
16813
16286
24930
16516
12472
179492
182975
4381
5273
10661
10910
4589
3801
12444
10399
26814
24959
9819
7125
9447
8406
3258
2946
11000
11967
47172
48881
7113
6303
7389
6484
59723
59720
109637
105178
8581
6939
20002
18397
4069
3828
22234
20025
10049
9944
7570
6306
6281
5662
12128
11236
9948
8691
124719
122440
146
18798
17705
13950
11558
9513
6383
27872
26862
13994
12046
6969
6268
62595
60480
7204
5930
10695
8766
21315
19529
12776
12554
5975
6866
5467
4954
15396
14122
5951
5597
143315
138654
1395
8665
8504
128775
120358
39
3738
3441
774
777
6208
5300
6839
6266
9132
8067
22787
18629
226349
232613
2
274223
261477
701
76262
63680
6979
7872
993
1690
4877
163
5081
8958
18764
17322
24367
12186
165
8632
164496
158001
4551
3655
10769
10179
3063
2737
9819
9184
27023
25785
7442
7731
8240
7636
2926
2411
8072
8839
49990
48659
5622
5469
6334
5764
53953
54491
102287
100476
7522
7225
17473
16230
3263
3872
19297
14626
8533
8948
5731
5787
5771
5583
12248
12228
43
9497
8578
119497
116507
16098
15788
11796
11411
6048
4591
23753
23704
12633
12471
5743
5658
61855
61551
6344
5338
8341
8803
18081
16768
10455
8837
5687
5491
5106
3958
11580
12329
4257
4400
139960
138317
1262
6420
7384
124416
121997
22
2692
2759
869
1134
5332
4564
5102
4741
7820
7980
21674
18397
214074
222485
31
270168
257190
16
60419
63271
6210
7002
353
715
5870
499
6794
11216
15728
13745
20621
10469
119
10577
160656
158191
3617
3439
8329
7706
5900
5755
10710
10879
27767
29808
8021
9972
10574
3045
2258
9438
8453
56638
59029
5026
5480
6706
7093
62455
67085
113706
117872
7514
6591
19434
18392
3723
4173
20930
19129
9534
9853
5995
6135
6029
6053
10239
10704
9368
8477
156235
133097
17450
16590
13760
11503
7099
5007
27768
28319
15322
15728
5693
6879
61855
61551
8401
7726
7662
7894
21975
21710
11430
9904
7136
5329
6368
5518
11807
13553
942
989
2394
2409
157756
158773
1299
8527
8364
141992
142567
29
3335
3315
411
146
5995
5538
5186
5405
8865
8729
26087
31435
169
248521
263407
114
327187
319873
39
67286
71388
7593
6372
213
344
6842
3805
4388
9378
20876
19711
25660
8581
914
17521
186464
194636
4189
4693
12313
10898
